Data File    , C:\Program Files\Biolog\OL_DC_23\PMX\Data_2013\06\PMX_443_130614_B_46.OKA
Set up Time  ,Jun 14 2013 2:55 PM
Position     ,23-B
Plate Type   ,PM 6-
Strain Type  ,---
Sample Number,
Strain Name  ,E coli O157:H7
Strain Number,
Other        ,PM6 23b-ECI-2639

Hour,  A01,  A02,  A03,  A04,  A05,  A06,  A07,  A08,  A09,  A10,  A11,  A12,  B01,  B02,  B03,  B04,  B05,  B06,  B07,  B08,  B09,  B10,  B11,  B12,  C01,  C02,  C03,  C04,  C05,  C06,  C07,  C08,  C09,  C10,  C11,  C12,  D01,  D02,  D03,  D04,  D05,  D06,  D07,  D08,  D09,  D10,  D11,  D12,  E01,  E02,  E03,  E04,  E05,  E06,  E07,  E08,  E09,  E10,  E11,  E12,  F01,  F02,  F03,  F04,  F05,  F06,  F07,  F08,  F09,  F10,  F11,  F12,  G01,  G02,  G03,  G04,  G05,  G06,  G07,  G08,  G09,  G10,  G11,  G12,  H01,  H02,  H03,  H04,  H05,  H06,  H07,  H08,  H09,  H10,  H11,  H12,
 0.000,  0.00,  0.00,  0.00,  0.00,  0.00,  0.00,  0.00,  0.00,  0.00,  0.00,  3.00,  0.00,  0.00,  0.00,  0.00,  0.00,  0.00,  0.00,  0.00,  0.00,  0.00,  0.00,  0.00,  0.00,  0.00,  0.00,  0.00,  0.00,  0.00,  0.00,  0.00,  0.00,  0.00,  0.00,  0.00,  0.00,  0.00,  0.00,  0.00,  0.00,  0.00,  0.00,  0.00,  0.00,  0.00,  0.00,  0.00,  0.00,  0.00,  0.00,  0.00,  0.00,  0.00,  0.00,  0.00,  0.00,  0.00,  0.00,  0.00,  0.00,  0.00,  0.00,  0.00,  0.00,  0.00,  0.00,  0.00,  0.00,  0.00,  0.00,  0.00,  0.00,  0.00,  0.00,  0.00,  0.00,  0.00,  0.00,  0.00,  0.00,  0.00,  0.00,  0.00,  0.00,  0.00,  0.00,  0.00,  0.00,  0.00,  0.00,  0.00,  0.00,  0.00,  0.00,  0.00,  0.00,
 0.250,  0.00,  1.00,  0.00,  0.00,  0.00,  0.00,  0.00,  0.00,  0.00,  0.00,  6.00,  1.00,  0.00,  0.00,  0.00,  0.00,  0.00,  0.00,  0.00,  0.00,  0.00,  0.00,  0.00,  0.00,  0.00,  0.00,  0.00,  0.00,  0.00,  0.00,  0.00,  0.00,  0.00,  0.00,  0.00,  0.00,  0.00,  0.00,  0.00,  0.00,  0.00,  0.00,  0.00,  0.00,  0.00,  0.00,  0.00,  0.00,  0.00,  0.00,  0.00,  0.00,  0.00,  0.00,  0.00,  0.00,  0.00,  0.00,  0.00,  0.00,  0.00,  0.00,  0.00,  0.00,  0.00,  0.00,  0.00,  0.00,  0.00,  0.00,  0.00,  0.00,  0.00,  0.00,  0.00,  0.00,  0.00,  0.00,  0.00,  0.00,  0.00,  0.00,  0.00,  0.00,  0.00,  0.00,  0.00,  0.00,  0.00,  0.00,  0.00,  0.00,  0.00,  0.00,  0.00,  0.00,
 0.500,  0.00,  1.00,  0.00,  0.00,  0.00,  0.00,  0.00,  2.00,  0.00,  0.00, 16.00,  7.00,  0.00,  0.00,  0.00,  0.00,  0.00,  0.00,  0.00,  0.00,  0.00,  0.00,  0.00,  0.00,  0.00,  0.00,  0.00,  0.00,  0.00,  0.00,  0.00,  0.00,  0.00,  0.00,  0.00,  0.00,  0.00,  0.00,  0.00,  0.00,  0.00,  0.00,  0.00,  0.00,  0.00,  0.00,  0.00,  1.00,  0.00,  0.00,  0.00,  0.00,  0.00,  0.00,  0.00,  0.00,  0.00,  0.00,  0.00,  0.00,  0.00,  0.00,  0.00,  0.00,  0.00,  0.00,  0.00,  0.00,  0.00,  0.00,  0.00,  0.00,  0.00,  0.00,  0.00,  0.00,  0.00,  0.00,  0.00,  0.00,  0.00,  0.00,  0.00,  0.00,  0.00,  0.00,  0.00,  0.00,  0.00,  0.00,  0.00,  0.00,  0.00,  0.00,  0.00,  0.00,
 0.750,  0.00,  1.00,  0.00,  0.00,  0.00,  0.00,  0.00,  2.00,  0.00,  0.00, 16.00, 10.00,  0.00,  0.00,  0.00,  0.00,  0.00,  0.00,  0.00,  0.00,  0.00,  0.00,  0.00,  1.00,  0.00,  0.00,  0.00,  0.00,  0.00,  0.00,  0.00,  0.00,  0.00,  0.00,  0.00,  0.00,  0.00,  0.00,  0.00,  0.00,  0.00,  0.00,  0.00,  0.00,  0.00,  0.00,  0.00,  3.00,  0.00,  0.00,  0.00,  0.00,  0.00,  0.00,  0.00,  0.00,  0.00,  0.00,  0.00,  0.00,  0.00,  0.00,  0.00,  0.00,  0.00,  0.00,  0.00,  0.00,  0.00,  0.00,  0.00,  0.00,  0.00,  0.00,  0.00,  0.00,  0.00,  0.00,  0.00,  0.00,  0.00,  0.00,  0.00,  0.00,  0.00,  0.00,  0.00,  0.00,  0.00,  0.00,  0.00,  0.00,  0.00,  0.00,  0.00,  0.00,
 1.000,  0.00,  0.00,  0.00,  0.00,  0.00,  0.00,  0.00,  1.00,  0.00,  0.00, 15.00,  9.00,  0.00,  0.00,  0.00,  0.00,  0.00,  0.00,  0.00,  0.00,  0.00,  0.00,  0.00,  0.00,  0.00,  0.00,  0.00,  0.00,  0.00,  0.00,  0.00,  0.00,  0.00,  0.00,  0.00,  0.00,  0.00,  0.00,  0.00,  0.00,  0.00,  0.00,  0.00,  0.00,  0.00,  0.00,  0.00,  2.00,  0.00,  0.00,  0.00,  0.00,  0.00,  0.00,  0.00,  0.00,  0.00,  0.00,  0.00,  0.00,  0.00,  0.00,  0.00,  0.00,  0.00,  0.00,  0.00,  0.00,  0.00,  0.00,  0.00,  0.00,  0.00,  0.00,  0.00,  0.00,  0.00,  0.00,  0.00,  0.00,  0.00,  0.00,  0.00,  0.00,  0.00,  0.00,  0.00,  0.00,  0.00,  0.00,  0.00,  0.00,  0.00,  0.00,  0.00,  0.00,
 1.250,  0.00,  0.00,  0.00,  0.00,  0.00,  0.00,  0.00,  1.00,  0.00,  0.00, 15.00,  9.00,  0.00,  0.00,  0.00,  0.00,  0.00,  0.00,  0.00,  0.00,  0.00,  0.00,  0.00,  0.00,  0.00,  0.00,  0.00,  0.00,  0.00,  0.00,  0.00,  0.00,  0.00,  0.00,  0.00,  0.00,  0.00,  0.00,  0.00,  0.00,  0.00,  0.00,  0.00,  0.00,  0.00,  0.00,  0.00,  2.00,  0.00,  0.00,  0.00,  0.00,  0.00,  0.00,  0.00,  0.00,  0.00,  0.00,  0.00,  0.00,  0.00,  0.00,  0.00,  0.00,  0.00,  0.00,  0.00,  0.00,  0.00,  0.00,  0.00,  0.00,  0.00,  0.00,  0.00,  0.00,  0.00,  0.00,  0.00,  0.00,  0.00,  0.00,  0.00,  0.00,  0.00,  0.00,  0.00,  0.00,  0.00,  0.00,  0.00,  0.00,  0.00,  0.00,  0.00,  0.00,
 1.500,  0.00,  0.00,  0.00,  0.00,  0.00,  0.00,  0.00,  1.00,  0.00,  0.00, 15.00,  9.00,  0.00,  0.00,  0.00,  0.00,  0.00,  0.00,  0.00,  0.00,  0.00,  0.00,  0.00,  0.00,  0.00,  0.00,  0.00,  0.00,  0.00,  0.00,  0.00,  0.00,  0.00,  0.00,  0.00,  0.00,  0.00,  0.00,  0.00,  0.00,  0.00,  0.00,  0.00,  0.00,  0.00,  0.00,  0.00,  2.00,  0.00,  0.00,  0.00,  0.00,  0.00,  0.00,  0.00,  0.00,  0.00,  0.00,  0.00,  0.00,  0.00,  0.00,  0.00,  0.00,  0.00,  0.00,  0.00,  0.00,  0.00,  0.00,  0.00,  0.00,  0.00,  0.00,  0.00,  0.00,  0.00,  0.00,  0.00,  0.00,  0.00,  0.00,  0.00,  0.00,  0.00,  0.00,  0.00,  0.00,  0.00,  0.00,  0.00,  0.00,  0.00,  0.00,  0.00,  0.00,
 1.750,  0.00,  0.00,  0.00,  0.00,  0.00,  0.00,  0.00,  9.00,  4.00,  1.00, 23.00, 16.00,  0.00,  0.00,  0.00,  0.00,  0.00,  0.00,  0.00,  0.00,  0.00,  0.00,  0.00,  4.00,  0.00,  0.00,  0.00,  0.00,  0.00,  0.00,  0.00,  0.00,  0.00,  0.00,  0.00,  1.00,  0.00,  0.00,  0.00,  0.00,  0.00,  0.00,  0.00,  0.00,  0.00,  0.00,  0.00,  6.00,  0.00,  0.00,  0.00,  0.00,  0.00,  0.00,  0.00,  0.00,  0.00,  0.00,  0.00,  0.00,  0.00,  0.00,  0.00,  0.00,  0.00,  0.00,  0.00,  0.00,  0.00,  0.00,  0.00,  0.00,  0.00,  0.00,  0.00,  0.00,  0.00,  0.00,  0.00,  0.00,  0.00,  0.00,  0.00,  0.00,  0.00,  0.00,  0.00,  0.00,  0.00,  0.00,  0.00,  0.00,  0.00,  0.00,  1.00,  0.00,
 2.000,  0.00,  0.00,  0.00,  0.00,  0.00,  0.00,  0.00,  8.00,  3.00,  0.00, 22.00, 15.00,  0.00,  0.00,  0.00,  0.00,  0.00,  0.00,  0.00,  0.00,  0.00,  0.00,  0.00,  3.00,  0.00,  0.00,  0.00,  0.00,  0.00,  0.00,  0.00,  0.00,  0.00,  0.00,  0.00,  0.00,  0.00,  0.00,  0.00,  0.00,  0.00,  0.00,  0.00,  0.00,  0.00,  0.00,  0.00,  5.00,  0.00,  0.00,  0.00,  0.00,  0.00,  0.00,  0.00,  0.00,  0.00,  0.00,  0.00,  0.00,  0.00,  0.00,  0.00,  0.00,  0.00,  0.00,  0.00,  0.00,  0.00,  0.00,  0.00,  0.00,  0.00,  0.00,  0.00,  0.00,  0.00,  0.00,  0.00,  0.00,  0.00,  0.00,  0.00,  0.00,  0.00,  0.00,  0.00,  0.00,  0.00,  0.00,  0.00,  0.00,  0.00,  0.00,  0.00,  0.00,
 2.250,  0.00,  0.00,  0.00,  0.00,  0.00,  0.00,  0.00,  8.00,  3.00,  0.00, 22.00, 15.00,  0.00,  0.00,  0.00,  0.00,  0.00,  0.00,  0.00,  0.00,  0.00,  0.00,  0.00,  3.00,  0.00,  0.00,  0.00,  0.00,  0.00,  0.00,  0.00,  0.00,  0.00,  0.00,  0.00,  0.00,  0.00,  0.00,  0.00,  0.00,  0.00,  0.00,  0.00,  0.00,  0.00,  0.00,  0.00,  5.00,  0.00,  0.00,  0.00,  0.00,  0.00,  0.00,  0.00,  0.00,  0.00,  0.00,  0.00,  0.00,  0.00,  0.00,  0.00,  0.00,  0.00,  0.00,  0.00,  0.00,  0.00,  0.00,  0.00,  0.00,  0.00,  0.00,  0.00,  0.00,  0.00,  0.00,  0.00,  0.00,  0.00,  0.00,  0.00,  0.00,  0.00,  0.00,  0.00,  0.00,  0.00,  0.00,  0.00,  0.00,  0.00,  0.00,  0.00,  0.00,
 2.500,  0.00,  0.00,  0.00,  0.00,  0.00,  0.00,  0.00,  8.00,  3.00,  0.00, 22.00, 15.00,  0.00,  0.00,  0.00,  0.00,  0.00,  0.00,  0.00,  0.00,  0.00,  0.00,  0.00,  3.00,  0.00,  0.00,  0.00,  0.00,  0.00,  0.00,  0.00,  0.00,  0.00,  0.00,  0.00,  0.00,  0.00,  0.00,  0.00,  0.00,  0.00,  0.00,  0.00,  0.00,  0.00,  0.00,  0.00,  5.00,  0.00,  0.00,  0.00,  0.00,  0.00,  0.00,  0.00,  0.00,  0.00,  0.00,  0.00,  0.00,  0.00,  0.00,  0.00,  0.00,  0.00,  0.00,  0.00,  0.00,  0.00,  0.00,  0.00,  0.00,  0.00,  0.00,  0.00,  0.00,  0.00,  0.00,  0.00,  0.00,  0.00,  0.00,  0.00,  0.00,  0.00,  0.00,  0.00,  0.00,  0.00,  0.00,  0.00,  0.00,  0.00,  0.00,  0.00,  0.00,
 2.750,  0.00,  0.00,  0.00,  0.00,  0.00,  0.00,  0.00,  8.00,  3.00,  0.00, 22.00, 15.00,  0.00,  0.00,  0.00,  0.00,  0.00,  0.00,  0.00,  0.00,  0.00,  0.00,  0.00,  3.00,  0.00,  0.00,  0.00,  0.00,  0.00,  0.00,  0.00,  0.00,  0.00,  0.00,  0.00,  0.00,  0.00,  0.00,  0.00,  0.00,  0.00,  0.00,  0.00,  0.00,  0.00,  0.00,  0.00,  5.00,  0.00,  0.00,  0.00,  0.00,  0.00,  0.00,  0.00,  0.00,  0.00,  0.00,  0.00,  0.00,  0.00,  0.00,  0.00,  0.00,  0.00,  0.00,  0.00,  0.00,  0.00,  0.00,  0.00,  0.00,  0.00,  0.00,  0.00,  0.00,  0.00,  0.00,  0.00,  0.00,  0.00,  0.00,  0.00,  0.00,  0.00,  0.00,  0.00,  0.00,  0.00,  0.00,  0.00,  0.00,  0.00,  0.00,  0.00,  0.00,
 3.000,  0.00,  0.00,  0.00,  0.00,  0.00,  0.00,  0.00,  6.00,  1.00,  0.00, 20.00, 18.00,  0.00,  0.00,  0.00,  0.00,  0.00,  0.00,  0.00,  0.00,  0.00,  0.00,  0.00,  1.00,  0.00,  0.00,  0.00,  0.00,  0.00,  0.00,  0.00,  0.00,  0.00,  0.00,  0.00,  0.00,  0.00,  0.00,  0.00,  0.00,  0.00,  0.00,  0.00,  0.00,  0.00,  0.00,  0.00,  3.00,  0.00,  0.00,  0.00,  0.00,  0.00,  0.00,  0.00,  0.00,  0.00,  0.00,  0.00,  0.00,  0.00,  0.00,  0.00,  0.00,  0.00,  0.00,  0.00,  0.00,  0.00,  0.00,  0.00,  0.00,  0.00,  0.00,  0.00,  0.00,  0.00,  0.00,  0.00,  0.00,  0.00,  0.00,  0.00,  0.00,  0.00,  0.00,  0.00,  0.00,  0.00,  0.00,  0.00,  0.00,  0.00,  0.00,  0.00,  0.00,
 3.250,  0.00,  0.00,  0.00,  0.00,  0.00,  0.00,  0.00,  6.00,  1.00,  0.00, 20.00, 18.00,  0.00,  0.00,  0.00,  0.00,  0.00,  0.00,  0.00,  0.00,  0.00,  0.00,  0.00,  1.00,  0.00,  0.00,  0.00,  0.00,  0.00,  0.00,  0.00,  0.00,  0.00,  0.00,  0.00,  0.00,  0.00,  0.00,  0.00,  0.00,  0.00,  0.00,  0.00,  0.00,  0.00,  0.00,  0.00,  3.00,  0.00,  0.00,  0.00,  0.00,  0.00,  0.00,  0.00,  0.00,  0.00,  0.00,  0.00,  0.00,  0.00,  0.00,  0.00,  0.00,  0.00,  0.00,  0.00,  0.00,  0.00,  0.00,  0.00,  0.00,  0.00,  0.00,  0.00,  0.00,  0.00,  0.00,  0.00,  0.00,  0.00,  0.00,  0.00,  0.00,  0.00,  0.00,  0.00,  0.00,  0.00,  0.00,  0.00,  0.00,  0.00,  0.00,  0.00,  0.00,
 3.500,  0.00,  0.00,  5.00,  0.00,  2.00,  4.00,  1.00,  6.00,  1.00,  0.00, 20.00, 28.00,  3.00,  0.00,  0.00,  0.00,  0.00,  0.00,  0.00,  0.00,  0.00,  0.00,  0.00,  2.00,  0.00,  0.00,  0.00,  0.00,  0.00,  0.00,  0.00,  0.00,  0.00,  0.00,  0.00,  0.00,  0.00,  0.00,  0.00,  0.00,  0.00,  0.00,  0.00,  0.00,  0.00,  0.00,  0.00,  4.00,  0.00,  0.00,  0.00,  0.00,  0.00,  0.00,  0.00,  0.00,  0.00,  0.00,  0.00,  5.00,  0.00,  0.00,  0.00,  0.00,  0.00,  0.00,  0.00,  0.00,  0.00,  0.00,  0.00,  0.00,  0.00,  0.00,  0.00,  0.00,  0.00,  0.00,  0.00,  0.00,  0.00,  0.00,  0.00,  0.00,  0.00,  0.00,  0.00,  0.00,  0.00,  0.00,  0.00,  0.00,  0.00,  0.00,  0.00,  1.00,
 3.750,  0.00,  0.00,  6.00,  0.00,  7.00,  6.00,  1.00,  6.00,  1.00,  0.00, 20.00, 28.00,  6.00,  0.00,  0.00,  0.00,  0.00,  0.00,  0.00,  0.00,  0.00,  0.00,  0.00,  2.00,  0.00,  0.00,  0.00,  0.00,  0.00,  0.00,  0.00,  0.00,  0.00,  0.00,  0.00,  0.00,  0.00,  0.00,  0.00,  0.00,  0.00,  0.00,  0.00,  0.00,  0.00,  0.00,  0.00,  4.00,  0.00,  0.00,  0.00,  0.00,  0.00,  0.00,  0.00,  0.00,  0.00,  0.00,  0.00,  7.00,  0.00,  0.00,  0.00,  0.00,  0.00,  0.00,  0.00,  0.00,  0.00,  0.00,  0.00,  0.00,  0.00,  0.00,  0.00,  0.00,  0.00,  0.00,  0.00,  0.00,  0.00,  0.00,  0.00,  0.00,  0.00,  0.00,  0.00,  0.00,  0.00,  0.00,  0.00,  0.00,  0.00,  0.00,  0.00,  1.00,
 4.000,  0.00,  1.00, 11.00,  2.00, 16.00, 11.00,  1.00,  6.00,  1.00,  0.00, 20.00, 28.00, 11.00,  0.00,  0.00,  0.00,  0.00,  0.00,  0.00,  0.00,  0.00,  0.00,  0.00,  2.00,  0.00,  0.00,  0.00,  0.00,  0.00,  0.00,  0.00,  0.00,  0.00,  0.00,  0.00,  0.00,  0.00,  0.00,  0.00,  0.00,  0.00,  0.00,  0.00,  0.00,  0.00,  0.00,  0.00,  4.00,  0.00,  0.00,  0.00,  0.00,  0.00,  0.00,  0.00,  0.00,  0.00,  0.00,  0.00, 11.00,  0.00,  0.00,  0.00,  0.00,  0.00,  0.00,  0.00,  0.00,  0.00,  0.00,  0.00,  0.00,  0.00,  0.00,  0.00,  0.00,  0.00,  0.00,  0.00,  0.00,  0.00,  0.00,  0.00,  0.00,  0.00,  0.00,  0.00,  0.00,  0.00,  0.00,  0.00,  0.00,  0.00,  0.00,  0.00,  1.00,
 4.250,  0.00,  4.00, 16.00,  5.00, 23.00, 18.00, 11.00,  7.00,  0.00,  0.00, 19.00, 37.00, 16.00,  0.00,  0.00,  0.00,  2.00,  0.00,  0.00,  0.00,  0.00,  0.00,  0.00,  6.00,  0.00,  0.00,  4.00,  0.00,  0.00,  0.00,  0.00,  0.00,  0.00,  0.00,  0.00,  0.00,  0.00,  0.00,  0.00,  0.00,  4.00,  4.00,  0.00,  0.00,  0.00,  0.00,  0.00,  9.00,  0.00,  0.00,  0.00,  0.00,  0.00,  0.00,  0.00,  0.00,  0.00,  0.00,  0.00, 15.00,  0.00,  0.00,  0.00,  0.00,  0.00,  0.00,  0.00,  0.00,  0.00,  0.00,  0.00,  0.00,  0.00,  0.00,  0.00,  0.00,  0.00,  0.00,  0.00,  0.00,  0.00,  0.00,  0.00,  0.00,  0.00,  0.00,  0.00,  0.00,  0.00,  0.00,  0.00,  0.00,  0.00,  0.00,  0.00,  0.00,
 4.500,  0.00,  4.00, 19.00,  9.00, 31.00, 25.00, 18.00,  9.00,  0.00,  0.00, 19.00, 38.00, 21.00,  0.00,  0.00,  2.00,  7.00,  1.00,  0.00,  0.00,  0.00,  0.00,  0.00,  8.00,  0.00,  0.00,  9.00,  0.00,  0.00,  0.00,  0.00,  0.00,  0.00,  0.00,  0.00,  0.00,  0.00,  0.00,  0.00,  0.00, 12.00, 12.00,  0.00,  0.00,  0.00,  1.00,  0.00,  9.00,  2.00,  4.00,  0.00,  0.00,  0.00,  0.00,  0.00,  0.00,  0.00,  0.00,  0.00, 16.00,  0.00,  0.00,  0.00,  0.00,  0.00,  0.00,  0.00,  0.00,  0.00,  0.00,  0.00,  0.00,  0.00,  0.00,  0.00,  0.00,  0.00,  0.00,  0.00,  0.00,  0.00,  0.00,  0.00,  0.00,  0.00,  0.00,  0.00,  0.00,  0.00,  0.00,  0.00,  0.00,  0.00,  0.00,  0.00,  0.00,
 4.750,  0.00,  8.00, 27.00, 14.00, 39.00, 31.00, 26.00, 11.00,  0.00,  0.00, 18.00, 41.00, 28.00,  0.00,  0.00,  6.00, 13.00,  3.00,  0.00,  0.00,  0.00,  0.00,  0.00,  8.00,  0.00,  0.00, 12.00,  0.00,  0.00,  0.00,  0.00,  0.00,  0.00,  0.00,  0.00,  0.00,  0.00,  0.00,  0.00,  0.00, 20.00, 19.00,  0.00,  0.00,  0.00,  3.00,  0.00,  8.00,  3.00, 10.00,  1.00,  0.00,  0.00,  0.00,  0.00,  0.00,  0.00,  0.00,  0.00, 19.00,  0.00,  0.00,  0.00,  0.00,  0.00,  0.00,  0.00,  0.00,  0.00,  0.00,  0.00,  0.00,  0.00,  0.00,  0.00,  0.00,  0.00,  0.00,  0.00,  0.00,  0.00,  0.00,  0.00,  0.00,  0.00,  0.00,  0.00,  0.00,  0.00,  0.00,  0.00,  0.00,  0.00,  0.00,  0.00,  0.00,
 5.000,  0.00, 11.00, 32.00, 19.00, 46.00, 39.00, 37.00, 16.00,  4.00,  0.00, 21.00, 46.00, 38.00,  3.00,  0.00, 14.00, 21.00,  7.00,  0.00,  0.00,  0.00,  0.00,  0.00, 12.00,  0.00,  0.00, 18.00,  0.00,  0.00,  0.00,  6.00,  0.00,  0.00,  0.00,  0.00,  0.00,  0.00,  0.00,  0.00,  0.00, 29.00, 31.00,  0.00,  0.00,  2.00,  5.00,  0.00, 12.00, 11.00, 19.00,  7.00,  0.00,  0.00,  0.00,  0.00,  0.00,  0.00,  0.00,  4.00, 22.00,  0.00,  0.00,  0.00,  0.00,  0.00,  0.00,  0.00,  0.00,  0.00,  0.00,  0.00,  0.00,  0.00,  0.00,  0.00,  0.00,  0.00,  0.00,  0.00,  0.00,  0.00,  0.00,  0.00,  0.00,  0.00,  0.00,  0.00,  0.00,  0.00,  0.00,  0.00,  0.00,  0.00,  0.00,  0.00,  0.00,
 5.250,  0.00, 13.00, 39.00, 25.00, 54.00, 43.00, 42.00, 19.00,  5.00,  0.00, 21.00, 48.00, 45.00,  7.00,  4.00, 20.00, 24.00,  7.00,  0.00,  0.00,  2.00,  0.00,  0.00, 12.00,  0.00,  0.00, 21.00,  0.00,  0.00,  0.00, 10.00,  0.00,  0.00,  0.00,  0.00,  0.00,  0.00,  0.00,  0.00,  0.00, 38.00, 36.00,  0.00,  0.00,  2.00,  7.00,  0.00, 12.00, 15.00, 23.00, 10.00,  0.00,  0.00,  0.00,  0.00,  0.00,  0.00,  0.00,  6.00, 25.00,  1.00,  0.00,  0.00,  0.00,  0.00,  0.00,  0.00,  0.00,  0.00,  0.00,  0.00,  0.00,  0.00,  0.00,  0.00,  0.00,  0.00,  0.00,  0.00,  0.00,  0.00,  0.00,  0.00,  0.00,  0.00,  0.00,  0.00,  0.00,  0.00,  0.00,  0.00,  0.00,  0.00,  0.00,  0.00,  0.00,
 5.500,  0.00, 19.00, 46.00, 30.00, 58.00, 49.00, 52.00, 16.00,  2.00,  0.00, 19.00, 46.00, 53.00, 11.00,  6.00, 26.00, 27.00,  7.00,  0.00,  1.00,  1.00,  0.00,  0.00, 10.00,  0.00,  0.00, 21.00,  0.00,  0.00,  0.00, 12.00,  0.00,  0.00,  0.00,  0.00,  0.00,  0.00,  0.00,  0.00,  0.00, 42.00, 43.00,  0.00,  0.00,  0.00,  5.00,  0.00,  8.00, 13.00, 25.00,  9.00,  0.00,  0.00,  0.00,  0.00,  0.00,  0.00,  0.00,  4.00, 22.00,  0.00,  0.00,  0.00,  0.00,  0.00,  0.00,  0.00,  0.00,  0.00,  0.00,  0.00,  0.00,  0.00,  0.00,  0.00,  0.00,  0.00,  0.00,  0.00,  0.00,  0.00,  0.00,  0.00,  0.00,  0.00,  0.00,  0.00,  0.00,  0.00,  0.00,  0.00,  0.00,  0.00,  0.00,  0.00,  0.00,
 5.750,  0.00, 23.00, 52.00, 35.00, 64.00, 52.00, 61.00, 19.00,  5.00,  0.00, 20.00, 48.00, 62.00, 17.00, 11.00, 31.00, 32.00,  9.00,  0.00,  4.00,  4.00,  0.00,  0.00, 10.00,  0.00,  3.00, 23.00,  0.00,  0.00,  0.00, 18.00,  0.00,  0.00,  0.00,  0.00,  0.00,  0.00,  0.00,  0.00,  0.00, 49.00, 49.00,  0.00,  0.00,  0.00,  5.00,  0.00,  8.00, 16.00, 31.00, 13.00,  0.00,  0.00,  0.00,  0.00,  0.00,  0.00,  0.00,  5.00, 24.00,  2.00,  0.00,  0.00,  0.00,  0.00,  0.00,  0.00,  0.00,  0.00,  0.00,  0.00,  0.00,  0.00,  0.00,  0.00,  0.00,  0.00,  0.00,  0.00,  0.00,  0.00,  0.00,  0.00,  0.00,  0.00,  0.00,  0.00,  0.00,  0.00,  3.00,  0.00,  0.00,  0.00,  0.00,  0.00,  0.00,
 6.000,  0.00, 30.00, 56.00, 41.00, 71.00, 55.00, 69.00, 24.00,  7.00,  0.00, 21.00, 48.00, 65.00, 23.00, 14.00, 37.00, 34.00,  9.00,  0.00,  6.00,  5.00,  0.00,  0.00, 10.00,  0.00,  6.00, 27.00,  0.00,  1.00,  0.00, 21.00,  0.00,  0.00,  0.00,  0.00,  0.00,  0.00,  0.00,  0.00,  0.00, 53.00, 53.00,  0.00,  0.00,  1.00,  8.00,  0.00,  8.00, 19.00, 35.00, 16.00,  0.00,  0.00,  0.00,  0.00,  0.00,  0.00,  0.00,  5.00, 26.00,  4.00,  0.00,  0.00,  0.00,  0.00,  0.00,  0.00,  0.00,  0.00,  0.00,  0.00,  0.00,  0.00,  0.00,  0.00,  0.00,  0.00,  0.00,  0.00,  0.00,  0.00,  0.00,  0.00,  0.00,  0.00,  0.00,  0.00,  0.00,  0.00,  5.00,  0.00,  0.00,  0.00,  0.00,  0.00,  0.00,
 6.250,  0.00, 38.00, 62.00, 47.00, 80.00, 59.00, 77.00, 24.00, 11.00,  0.00, 23.00, 51.00, 73.00, 28.00, 20.00, 43.00, 38.00, 13.00,  0.00,  8.00,  8.00,  0.00,  0.00, 10.00,  0.00,  8.00, 30.00,  0.00,  6.00,  0.00, 25.00,  0.00,  0.00,  0.00,  0.00,  0.00,  0.00,  0.00,  0.00,  0.00, 58.00, 58.00,  0.00,  0.00,  3.00,  9.00,  0.00,  8.00, 21.00, 39.00, 18.00,  0.00,  0.00,  0.00,  0.00,  0.00,  0.00,  0.00,  7.00, 28.00,  8.00,  0.00,  2.00,  0.00,  0.00,  0.00,  0.00,  0.00,  0.00,  0.00,  1.00,  0.00,  0.00,  0.00,  0.00,  0.00,  0.00,  0.00,  0.00,  0.00,  0.00,  0.00,  0.00,  0.00,  0.00,  0.00,  0.00,  0.00,  0.00,  8.00,  0.00,  0.00,  0.00,  0.00,  0.00,  0.00,
 6.500,  0.00, 47.00, 68.00, 55.00, 89.00, 63.00, 84.00, 29.00, 14.00,  0.00, 26.00, 55.00, 81.00, 37.00, 27.00, 50.00, 44.00, 14.00,  1.00, 14.00, 11.00,  0.00,  0.00, 14.00,  0.00, 12.00, 35.00,  0.00, 12.00,  0.00, 32.00,  0.00,  0.00,  0.00,  0.00,  0.00,  0.00,  0.00,  0.00,  5.00, 65.00, 63.00,  0.00,  0.00,  5.00, 10.00,  0.00,  8.00, 25.00, 46.00, 24.00,  0.00,  0.00,  0.00,  0.00,  0.00,  0.00,  0.00, 10.00, 32.00, 12.00,  2.00,  8.00,  0.00,  0.00,  0.00,  0.00,  0.00,  0.00,  0.00,  4.00,  0.00,  0.00,  0.00,  0.00,  0.00,  2.00,  0.00,  0.00,  0.00,  0.00,  0.00,  0.00,  0.00,  0.00,  0.00,  0.00,  1.00,  0.00, 12.00,  0.00,  0.00,  0.00,  0.00,  0.00,  0.00,
 6.750,  0.00, 52.00, 73.00, 60.00, 94.00, 67.00, 91.00, 32.00, 15.00,  0.00, 27.00, 55.00, 87.00, 42.00, 33.00, 57.00, 47.00, 18.00,  4.00, 17.00, 13.00,  0.00,  0.00, 15.00,  0.00, 16.00, 39.00,  0.00, 18.00,  0.00, 37.00,  0.00,  0.00,  0.00,  0.00,  0.00,  0.00,  0.00,  0.00,  8.00, 69.00, 71.00,  0.00,  0.00,  8.00, 12.00,  0.00,  9.00, 30.00, 50.00, 28.00,  0.00,  3.00,  0.00,  0.00,  0.00,  0.00,  0.00, 12.00, 34.00, 18.00,  8.00, 13.00,  0.00,  0.00,  0.00,  0.00,  0.00,  0.00,  0.00,  8.00,  0.00,  0.00,  0.00,  0.00,  0.00,  7.00,  0.00,  0.00,  0.00,  0.00,  0.00,  0.00,  0.00,  0.00,  0.00,  0.00,  9.00,  0.00, 19.00,  0.00,  0.00,  0.00,  0.00,  0.00,  0.00,
 7.000,  0.00, 58.00, 80.00, 68.00,100.00, 73.00, 98.00, 39.00, 23.00,  1.00, 35.00, 59.00, 92.00, 48.00, 39.00, 63.00, 50.00, 22.00,  8.00, 21.00, 17.00,  0.00,  0.00, 17.00,  0.00, 20.00, 44.00,  0.00, 21.00,  0.00, 41.00,  0.00,  0.00,  0.00,  0.00,  0.00,  0.00,  0.00,  0.00, 13.00, 72.00, 75.00,  0.00,  0.00, 10.00, 16.00,  0.00, 13.00, 32.00, 52.00, 31.00,  0.00,  8.00,  0.00,  0.00,  0.00,  0.00,  0.00, 14.00, 36.00, 20.00, 10.00, 16.00,  0.00,  0.00,  0.00,  0.00,  0.00,  0.00,  0.00,  8.00,  0.00,  0.00,  0.00,  0.00,  0.00, 10.00,  0.00,  0.00,  0.00,  0.00,  0.00,  0.00,  1.00,  0.00,  0.00,  0.00, 10.00,  0.00, 22.00,  0.00,  0.00,  0.00,  0.00,  0.00,  0.00,
 7.250,  0.00, 62.00, 84.00, 72.00,106.00, 76.00,100.00, 43.00, 25.00,  3.00, 38.00, 60.00, 96.00, 54.00, 42.00, 66.00, 53.00, 24.00, 10.00, 23.00, 18.00,  0.00,  0.00, 19.00,  0.00, 20.00, 47.00,  0.00, 25.00,  1.00, 46.00,  2.00,  0.00,  0.00,  0.00,  0.00,  2.00,  0.00,  0.00, 15.00, 78.00, 77.00,  0.00,  0.00, 11.00, 16.00,  0.00, 13.00, 34.00, 58.00, 33.00,  4.00,  8.00,  0.00,  0.00,  0.00,  0.00,  0.00, 14.00, 38.00, 24.00, 18.00, 18.00,  0.00,  0.00,  1.00,  0.00,  0.00,  0.00,  0.00, 11.00,  0.00,  0.00,  0.00,  1.00,  0.00, 13.00,  0.00,  0.00,  0.00,  0.00,  0.00,  0.00,  2.00,  0.00,  0.00,  0.00, 10.00,  0.00, 25.00,  0.00,  0.00,  0.00,  0.00,  0.00,  0.00,
 7.500,  0.00, 66.00, 84.00, 75.00,107.00, 76.00,101.00, 42.00, 23.00,  0.00, 35.00, 58.00, 99.00, 56.00, 47.00, 69.00, 54.00, 23.00, 12.00, 24.00, 18.00,  0.00,  0.00, 15.00,  0.00, 23.00, 48.00,  0.00, 26.00,  1.00, 46.00,  2.00,  0.00,  0.00,  0.00,  0.00,  3.00,  0.00,  0.00, 17.00, 80.00, 80.00,  0.00,  0.00, 10.00, 14.00,  0.00,  9.00, 34.00, 63.00, 35.00,  6.00, 12.00,  0.00,  0.00,  0.00,  0.00,  0.00, 13.00, 37.00, 26.00, 18.00, 20.00,  0.00,  0.00,  1.00,  0.00,  0.00,  0.00,  0.00,  8.00,  0.00,  0.00,  0.00,  3.00,  0.00, 15.00,  0.00,  0.00,  0.00,  0.00,  0.00,  0.00,  0.00,  0.00,  0.00,  0.00, 14.00,  0.00, 27.00,  2.00,  0.00,  0.00,  0.00,  0.00,  0.00,
 7.750,  0.00, 69.00, 87.00, 78.00,111.00, 76.00,104.00, 45.00, 25.00,  1.00, 36.00, 58.00,102.00, 59.00, 49.00, 71.00, 56.00, 23.00, 13.00, 24.00, 18.00,  0.00,  0.00, 16.00,  0.00, 23.00, 52.00,  0.00, 26.00,  1.00, 48.00,  2.00,  0.00,  0.00,  0.00,  0.00,  3.00,  0.00,  0.00, 17.00, 83.00, 81.00,  0.00,  0.00, 10.00, 16.00,  0.00,  9.00, 35.00, 63.00, 37.00,  8.00, 12.00,  0.00,  0.00,  0.00,  0.00,  0.00, 13.00, 37.00, 27.00, 23.00, 21.00,  0.00,  0.00,  1.00,  0.00,  0.00,  0.00,  0.00, 10.00,  0.00,  0.00,  0.00,  4.00,  0.00, 16.00,  0.00,  0.00,  0.00,  0.00,  0.00,  0.00,  1.00,  0.00,  0.00,  0.00, 16.00,  0.00, 28.00,  2.00,  0.00,  0.00,  0.00,  0.00,  0.00,
 8.000,  0.00, 74.00, 90.00, 81.00,116.00, 79.00,107.00, 47.00, 25.00,  1.00, 36.00, 58.00,107.00, 63.00, 53.00, 72.00, 59.00, 25.00, 15.00, 29.00, 19.00,  0.00,  0.00, 16.00,  0.00, 26.00, 53.00,  0.00, 29.00,  2.00, 50.00,  4.00,  0.00,  0.00,  0.00,  0.00,  4.00,  0.00,  0.00, 19.00, 85.00, 86.00,  0.00,  0.00, 10.00, 17.00,  0.00,  9.00, 36.00, 66.00, 41.00, 11.00, 15.00,  1.00,  0.00,  0.00,  0.00,  0.00, 13.00, 38.00, 28.00, 27.00, 23.00,  0.00,  0.00,  2.00,  0.00,  0.00,  0.00,  0.00, 10.00,  0.00,  0.00,  0.00,  9.00,  1.00, 21.00,  0.00,  0.00,  0.00,  0.00,  0.00,  0.00,  2.00,  0.00,  0.00,  0.00, 20.00,  0.00, 30.00,  2.00,  0.00,  0.00,  0.00,  0.00,  0.00,
 8.250,  0.00, 80.00, 97.00, 86.00,119.00, 82.00,110.00, 50.00, 30.00,  1.00, 37.00, 58.00,111.00, 67.00, 57.00, 77.00, 61.00, 28.00, 18.00, 30.00, 22.00,  0.00,  0.00, 16.00,  0.00, 26.00, 56.00,  0.00, 31.00,  4.00, 55.00,  6.00,  0.00,  0.00,  0.00,  0.00,  5.00,  0.00,  1.00, 21.00, 89.00, 89.00,  0.00,  0.00, 13.00, 17.00,  0.00,  9.00, 39.00, 70.00, 44.00, 15.00, 17.00,  2.00,  0.00,  0.00,  0.00,  0.00, 13.00, 38.00, 30.00, 30.00, 28.00,  3.00,  0.00,  3.00,  0.00,  0.00,  0.00,  0.00, 10.00,  0.00,  0.00,  0.00,  9.00,  2.00, 25.00,  0.00,  0.00,  0.00,  0.00,  0.00,  0.00,  3.00,  0.00,  0.00,  0.00, 22.00,  0.00, 33.00,  4.00,  0.00,  0.00,  0.00,  0.00,  0.00,
 8.500,  0.00, 80.00, 97.00, 88.00,124.00, 84.00,114.00, 53.00, 32.00,  4.00, 40.00, 58.00,115.00, 73.00, 59.00, 83.00, 64.00, 30.00, 22.00, 33.00, 22.00,  0.00,  0.00, 19.00,  0.00, 29.00, 63.00,  3.00, 34.00,  7.00, 58.00,  8.00,  0.00,  0.00,  0.00,  0.00,  8.00,  0.00,  1.00, 22.00, 94.00, 92.00,  0.00,  0.00, 13.00, 18.00,  0.00, 10.00, 44.00, 74.00, 47.00, 19.00, 20.00,  4.00,  0.00,  0.00,  0.00,  0.00, 15.00, 41.00, 37.00, 36.00, 32.00,  6.00,  2.00,  7.00,  0.00,  0.00,  0.00,  0.00, 12.00,  0.00,  0.00,  0.00, 14.00,  4.00, 27.00,  0.00,  0.00,  0.00,  0.00,  0.00,  0.00,  5.00,  0.00,  0.00,  0.00, 27.00,  0.00, 39.00,  6.00,  0.00,  0.00,  0.00,  0.00,  0.00,
 8.750,  0.00, 89.00,106.00, 96.00,128.00, 93.00,124.00, 62.00, 43.00, 13.00, 52.00, 68.00,122.00, 79.00, 68.00, 88.00, 70.00, 37.00, 28.00, 39.00, 30.00,  0.00,  0.00, 27.00,  0.00, 33.00, 69.00,  9.00, 41.00, 14.00, 65.00, 13.00,  0.00,  0.00,  0.00,  4.00, 12.00,  5.00,  9.00, 27.00,100.00,100.00,  0.00,  1.00, 20.00, 23.00,  0.00, 16.00, 46.00, 79.00, 52.00, 26.00, 26.00,  9.00,  0.00,  0.00,  2.00,  1.00, 21.00, 45.00, 40.00, 44.00, 38.00, 14.00,  7.00, 10.00,  0.00,  0.00,  0.00,  0.00, 18.00,  0.00,  0.00,  0.00, 20.00,  9.00, 33.00,  0.00,  0.00,  0.00,  0.00,  0.00,  0.00, 11.00,  0.00,  0.00,  0.00, 32.00,  0.00, 46.00, 12.00,  0.00,  0.00,  0.00,  0.00,  0.00,
 9.000,  0.00, 91.00,107.00, 97.00,130.00, 91.00,122.00, 60.00, 41.00, 11.00, 50.00, 66.00,126.00, 81.00, 69.00, 86.00, 69.00, 36.00, 26.00, 37.00, 28.00,  0.00,  0.00, 25.00,  0.00, 35.00, 69.00,  8.00, 40.00, 12.00, 63.00, 13.00,  0.00,  0.00,  0.00,  2.00, 10.00,  4.00, 10.00, 28.00,102.00,102.00,  0.00,  0.00, 18.00, 21.00,  0.00, 14.00, 44.00, 82.00, 54.00, 26.00, 25.00,  8.00,  0.00,  0.00,  1.00,  0.00, 19.00, 43.00, 39.00, 42.00, 38.00, 12.00,  6.00,  9.00,  0.00,  0.00,  0.00,  0.00, 16.00,  0.00,  0.00,  0.00, 20.00,  7.00, 34.00,  0.00,  0.00,  0.00,  0.00,  0.00,  0.00,  9.00,  0.00,  0.00,  0.00, 32.00,  0.00, 44.00, 10.00,  0.00,  0.00,  0.00,  0.00,  0.00,
 9.250,  0.00, 94.00,111.00,100.00,134.00, 96.00,126.00, 65.00, 43.00, 12.00, 50.00, 66.00,128.00, 86.00, 73.00, 91.00, 73.00, 40.00, 31.00, 40.00, 29.00,  0.00,  0.00, 25.00,  0.00, 36.00, 76.00, 11.00, 44.00, 13.00, 70.00, 15.00,  0.00,  0.00,  0.00,  2.00, 14.00,  4.00, 10.00, 30.00,106.00,106.00,  0.00,  0.00, 19.00, 21.00,  0.00, 14.00, 48.00, 85.00, 59.00, 33.00, 28.00, 11.00,  0.00,  0.00,  6.00,  2.00, 19.00, 44.00, 46.00, 49.00, 42.00, 17.00,  9.00, 12.00,  0.00,  0.00,  0.00,  0.00, 17.00,  0.00,  0.00,  0.00, 24.00, 11.00, 39.00,  0.00,  0.00,  0.00,  0.00,  0.00,  0.00, 10.00,  0.00,  0.00,  0.00, 37.00,  0.00, 47.00, 14.00,  0.00,  0.00,  0.00,  0.00,  0.00,
 9.500,  0.00, 97.00,114.00,102.00,137.00, 96.00,127.00, 66.00, 46.00, 12.00, 50.00, 66.00,130.00, 88.00, 73.00, 93.00, 75.00, 40.00, 32.00, 41.00, 29.00,  0.00,  0.00, 25.00,  0.00, 38.00, 77.00, 13.00, 44.00, 14.00, 71.00, 15.00,  0.00,  0.00,  0.00,  2.00, 14.00,  6.00, 11.00, 31.00,109.00,108.00,  0.00,  0.00, 19.00, 21.00,  0.00, 14.00, 48.00, 88.00, 62.00, 35.00, 29.00, 11.00,  0.00,  0.00,  7.00,  2.00, 19.00, 44.00, 46.00, 52.00, 43.00, 20.00, 10.00, 13.00,  0.00,  0.00,  0.00,  0.00, 17.00,  0.00,  0.00,  0.00, 26.00, 11.00, 40.00,  0.00,  0.00,  0.00,  0.00,  0.00,  0.00, 11.00,  0.00,  0.00,  0.00, 37.00,  0.00, 48.00, 14.00,  0.00,  0.00,  0.00,  0.00,  0.00,
 9.750,  0.00,103.00,118.00,106.00,141.00, 99.00,129.00, 66.00, 46.00, 12.00, 50.00, 66.00,134.00, 92.00, 78.00, 95.00, 80.00, 42.00, 34.00, 44.00, 32.00,  0.00,  0.00, 25.00,  4.00, 43.00, 79.00, 16.00, 47.00, 14.00, 73.00, 16.00,  0.00,  0.00,  0.00,  2.00, 14.00,  8.00, 14.00, 35.00,114.00,114.00,  0.00,  0.00, 19.00, 21.00,  0.00, 14.00, 48.00, 94.00, 64.00, 35.00, 32.00, 11.00,  0.00,  0.00,  9.00,  2.00, 19.00, 44.00, 46.00, 52.00, 48.00, 20.00, 10.00, 13.00,  0.00,  0.00,  0.00,  0.00, 17.00,  0.00,  0.00,  0.00, 28.00, 13.00, 44.00,  0.00,  0.00,  0.00,  0.00,  0.00,  0.00, 11.00,  0.00,  0.00,  0.00, 41.00,  0.00, 49.00, 15.00,  0.00,  0.00,  0.00,  0.00,  0.00,
10.000,  0.00,108.00,121.00,112.00,146.00,102.00,131.00, 68.00, 46.00, 12.00, 50.00, 66.00,138.00, 97.00, 80.00,100.00, 85.00, 44.00, 37.00, 47.00, 33.00,  0.00,  0.00, 25.00,  4.00, 46.00, 81.00, 18.00, 49.00, 16.00, 74.00, 20.00,  0.00,  0.00,  0.00,  2.00, 15.00, 10.00, 14.00, 35.00,118.00,118.00,  0.00,  0.00, 19.00, 21.00,  0.00, 14.00, 48.00, 97.00, 67.00, 42.00, 33.00, 11.00,  0.00,  0.00,  9.00,  2.00, 19.00, 44.00, 46.00, 59.00, 49.00, 23.00, 11.00, 13.00,  0.00,  0.00,  0.00,  0.00, 18.00,  0.00,  0.00,  0.00, 28.00, 13.00, 47.00,  0.00,  0.00,  0.00,  0.00,  0.00,  0.00, 11.00,  0.00,  0.00,  0.00, 43.00,  0.00, 52.00, 15.00,  0.00,  0.00,  0.00,  0.00,  0.00,
10.250,  0.00,112.00,126.00,114.00,153.00,108.00,139.00, 74.00, 54.00, 16.00, 51.00, 66.00,144.00,105.00, 87.00,107.00, 92.00, 52.00, 43.00, 54.00, 37.00,  0.00,  0.00, 25.00,  6.00, 52.00, 92.00, 26.00, 56.00, 22.00, 82.00, 25.00,  0.00,  0.00,  0.00,  4.00, 21.00, 14.00, 18.00, 39.00,126.00,122.00,  0.00,  2.00, 23.00, 26.00,  0.00, 17.00, 55.00,103.00, 75.00, 50.00, 39.00, 15.00,  3.00,  4.00, 17.00,  7.00, 24.00, 49.00, 55.00, 67.00, 57.00, 30.00, 20.00, 18.00,  0.00,  0.00,  0.00,  0.00, 22.00,  0.00,  6.00,  0.00, 38.00, 19.00, 56.00,  5.00,  0.00,  0.00,  0.00,  0.00,  0.00, 17.00,  0.00,  0.00,  0.00, 50.00,  4.00, 61.00, 22.00,  0.00,  0.00,  0.00,  0.00,  0.00,
10.500,  0.00,115.00,126.00,114.00,154.00,109.00,139.00, 76.00, 54.00, 16.00, 53.00, 66.00,144.00,105.00, 87.00,109.00, 92.00, 52.00, 45.00, 54.00, 37.00,  0.00,  0.00, 25.00,  7.00, 52.00, 93.00, 27.00, 56.00, 22.00, 82.00, 25.00,  0.00,  0.00,  0.00,  4.00, 21.00, 14.00, 18.00, 39.00,128.00,124.00,  0.00,  2.00, 23.00, 26.00,  0.00, 17.00, 55.00,105.00, 75.00, 52.00, 39.00, 15.00,  5.00,  4.00, 17.00,  7.00, 24.00, 49.00, 55.00, 69.00, 57.00, 32.00, 20.00, 19.00,  0.00,  0.00,  0.00,  0.00, 22.00,  0.00,  6.00,  0.00, 38.00, 19.00, 56.00,  5.00,  0.00,  0.00,  0.00,  0.00,  0.00, 17.00,  0.00,  0.00,  0.00, 52.00,  4.00, 61.00, 22.00,  0.00,  0.00,  0.00,  0.00,  0.00,
10.750,  0.00,118.00,128.00,117.00,155.00,110.00,140.00, 75.00, 54.00, 16.00, 51.00, 63.00,144.00,107.00, 91.00,110.00, 93.00, 52.00, 46.00, 51.00, 38.00,  0.00,  0.00, 22.00,  9.00, 51.00, 95.00, 25.00, 54.00, 20.00, 82.00, 25.00,  0.00,  0.00,  0.00,  1.00, 19.00, 11.00, 18.00, 40.00,128.00,128.00,  0.00,  0.00, 22.00, 23.00,  0.00, 14.00, 52.00,106.00, 79.00, 54.00, 38.00, 15.00,  5.00,  3.00, 15.00,  4.00, 21.00, 46.00, 52.00, 66.00, 59.00, 29.00, 17.00, 16.00,  0.00,  0.00,  0.00,  0.00, 20.00,  0.00,  4.00,  0.00, 35.00, 16.00, 56.00,  5.00,  0.00,  0.00,  0.00,  0.00,  0.00, 14.00,  0.00,  0.00,  0.00, 50.00,  1.00, 58.00, 19.00,  0.00,  0.00,  0.00,  0.00,  0.00,
11.000,  0.00,121.00,131.00,121.00,159.00,113.00,143.00, 76.00, 54.00, 16.00, 51.00, 63.00,147.00,113.00, 92.00,115.00, 97.00, 54.00, 47.00, 55.00, 38.00,  0.00,  0.00, 22.00, 11.00, 54.00, 99.00, 30.00, 58.00, 23.00, 88.00, 25.00,  0.00,  0.00,  0.00,  1.00, 20.00, 12.00, 22.00, 42.00,135.00,135.00,  0.00,  1.00, 22.00, 23.00,  0.00, 14.00, 55.00,111.00, 83.00, 57.00, 41.00, 17.00,  7.00,  6.00, 19.00,  6.00, 21.00, 46.00, 56.00, 73.00, 63.00, 36.00, 18.00, 17.00,  0.00,  0.00,  0.00,  0.00, 21.00,  0.00,  8.00,  0.00, 43.00, 20.00, 64.00,  8.00,  0.00,  0.00,  0.00,  0.00,  0.00, 15.00,  0.00,  0.00,  0.00, 56.00,  4.00, 59.00, 24.00,  0.00,  0.00,  0.00,  0.00,  0.00,
11.250,  0.00,124.00,132.00,121.00,160.00,115.00,143.00, 76.00, 54.00, 16.00, 51.00, 63.00,149.00,114.00, 96.00,119.00,100.00, 54.00, 47.00, 55.00, 38.00,  0.00,  0.00, 22.00, 16.00, 55.00,100.00, 30.00, 59.00, 23.00, 88.00, 25.00,  0.00,  0.00,  0.00,  1.00, 20.00, 13.00, 22.00, 43.00,139.00,137.00,  0.00,  1.00, 22.00, 23.00,  0.00, 14.00, 55.00,113.00, 83.00, 60.00, 43.00, 17.00,  9.00,  8.00, 19.00,  6.00, 21.00, 46.00, 56.00, 73.00, 65.00, 36.00, 18.00, 17.00,  0.00,  0.00,  0.00,  0.00, 21.00,  0.00,  8.00,  0.00, 43.00, 20.00, 65.00,  9.00,  0.00,  0.00,  0.00,  0.00,  0.00, 15.00,  0.00,  0.00,  0.00, 56.00,  4.00, 59.00, 24.00,  0.00,  0.00,  0.00,  0.00,  0.00,
11.500,  0.00,131.00,136.00,126.00,167.00,120.00,149.00, 80.00, 59.00, 16.00, 51.00, 63.00,153.00,120.00,100.00,127.00,107.00, 61.00, 51.00, 62.00, 39.00,  0.00,  0.00, 22.00, 16.00, 59.00,110.00, 36.00, 65.00, 25.00, 92.00, 31.00,  0.00,  0.00,  0.00,  1.00, 23.00, 17.00, 22.00, 46.00,144.00,141.00,  0.00,  2.00, 23.00, 23.00,  0.00, 14.00, 57.00,120.00, 88.00, 66.00, 44.00, 18.00, 12.00, 12.00, 24.00,  6.00, 21.00, 46.00, 62.00, 82.00, 71.00, 43.00, 24.00, 20.00,  0.00,  0.00,  0.00,  0.00, 25.00,  0.00, 14.00,  0.00, 50.00, 25.00, 72.00, 15.00,  0.00,  0.00,  0.00,  0.00,  0.00, 15.00,  1.00,  0.00,  0.00, 65.00,  7.00, 65.00, 29.00,  0.00,  0.00,  0.00,  0.00,  0.00,
11.750,  0.00,133.00,137.00,128.00,168.00,120.00,149.00, 80.00, 59.00, 16.00, 51.00, 63.00,154.00,122.00,102.00,130.00,108.00, 61.00, 51.00, 62.00, 39.00,  0.00,  0.00, 22.00, 19.00, 61.00,110.00, 37.00, 65.00, 25.00, 92.00, 31.00,  0.00,  0.00,  0.00,  1.00, 23.00, 17.00, 22.00, 46.00,146.00,145.00,  0.00,  2.00, 23.00, 23.00,  0.00, 14.00, 57.00,121.00, 91.00, 66.00, 44.00, 18.00, 12.00, 13.00, 24.00,  6.00, 21.00, 46.00, 62.00, 82.00, 72.00, 43.00, 24.00, 20.00,  0.00,  0.00,  0.00,  0.00, 25.00,  0.00, 14.00,  0.00, 50.00, 25.00, 74.00, 15.00,  0.00,  0.00,  0.00,  0.00,  0.00, 15.00,  1.00,  0.00,  0.00, 65.00,  7.00, 65.00, 29.00,  0.00,  0.00,  0.00,  0.00,  0.00,
12.000,  0.00,138.00,141.00,134.00,172.00,123.00,153.00, 84.00, 63.00, 18.00, 51.00, 63.00,157.00,127.00,109.00,138.00,115.00, 65.00, 56.00, 68.00, 41.00,  0.00,  0.00, 22.00, 23.00, 66.00,118.00, 43.00, 69.00, 28.00, 96.00, 33.00,  0.00,  0.00,  0.00,  1.00, 23.00, 19.00, 23.00, 50.00,153.00,149.00,  0.00,  2.00, 23.00, 27.00,  0.00, 14.00, 57.00,127.00, 96.00, 75.00, 49.00, 19.00, 18.00, 17.00, 26.00,  7.00, 22.00, 46.00, 62.00, 89.00, 75.00, 47.00, 25.00, 22.00,  0.00,  0.00,  0.00,  0.00, 25.00,  0.00, 15.00,  0.00, 52.00, 27.00, 82.00, 19.00,  0.00,  0.00,  0.00,  0.00,  0.00, 17.00,  1.00,  0.00,  0.00, 67.00,  8.00, 68.00, 29.00,  0.00,  0.00,  0.00,  0.00,  0.00,
12.250,  0.00,141.00,145.00,136.00,174.00,126.00,154.00, 86.00, 65.00, 20.00, 53.00, 62.00,158.00,129.00,112.00,143.00,114.00, 68.00, 59.00, 70.00, 44.00,  0.00,  0.00, 22.00, 27.00, 67.00,121.00, 46.00, 70.00, 27.00, 99.00, 33.00,  0.00,  0.00,  0.00,  1.00, 26.00, 21.00, 28.00, 50.00,154.00,153.00,  0.00,  2.00, 26.00, 27.00,  0.00, 14.00, 56.00,131.00,100.00, 74.00, 51.00, 21.00, 19.00, 20.00, 27.00,  7.00, 22.00, 45.00, 62.00, 89.00, 79.00, 48.00, 25.00, 21.00,  0.00,  0.00,  0.00,  0.00, 26.00,  0.00, 15.00,  0.00, 55.00, 26.00, 84.00, 21.00,  0.00,  0.00,  0.00,  0.00,  0.00, 18.00,  0.00,  0.00,  0.00, 68.00,  7.00, 68.00, 29.00,  1.00,  0.00,  0.00,  0.00,  0.00,
12.500,  0.00,144.00,149.00,140.00,176.00,129.00,156.00, 86.00, 65.00, 20.00, 53.00, 62.00,161.00,133.00,114.00,149.00,118.00, 68.00, 59.00, 71.00, 44.00,  0.00,  0.00, 22.00, 28.00, 71.00,126.00, 49.00, 72.00, 30.00, 99.00, 35.00,  0.00,  0.00,  0.00,  1.00, 27.00, 24.00, 28.00, 53.00,160.00,156.00,  0.00,  2.00, 26.00, 27.00,  0.00, 14.00, 59.00,134.00,106.00, 81.00, 51.00, 21.00, 23.00, 24.00, 29.00,  9.00, 22.00, 45.00, 66.00, 96.00, 84.00, 52.00, 29.00, 23.00,  0.00,  0.00,  0.00,  0.00, 26.00,  0.00, 17.00,  0.00, 59.00, 29.00, 89.00, 26.00,  0.00,  0.00,  0.00,  0.00,  0.00, 18.00,  3.00,  0.00,  0.00, 73.00, 10.00, 68.00, 32.00,  5.00,  0.00,  0.00,  0.00,  0.00,
12.750,  0.00,148.00,151.00,141.00,177.00,129.00,157.00, 84.00, 63.00, 18.00, 51.00, 60.00,161.00,134.00,118.00,152.00,116.00, 68.00, 59.00, 72.00, 42.00,  0.00,  0.00, 20.00, 31.00, 73.00,125.00, 50.00, 72.00, 28.00,101.00, 34.00,  0.00,  0.00,  0.00,  0.00, 26.00, 23.00, 29.00, 55.00,161.00,161.00,  0.00,  0.00, 24.00, 25.00,  0.00, 12.00, 57.00,136.00,105.00, 81.00, 52.00, 21.00, 23.00, 24.00, 28.00,  7.00, 20.00, 43.00, 64.00, 95.00, 84.00, 50.00, 27.00, 21.00,  0.00,  0.00,  0.00,  0.00, 24.00,  0.00, 18.00,  0.00, 58.00, 27.00, 92.00, 25.00,  0.00,  0.00,  0.00,  0.00,  0.00, 16.00,  1.00,  0.00,  0.00, 72.00,  8.00, 66.00, 30.00,  3.00,  0.00,  0.00,  0.00,  0.00,
13.000,  0.00,150.00,154.00,144.00,182.00,132.00,159.00, 84.00, 63.00, 18.00, 51.00, 60.00,163.00,139.00,121.00,159.00,123.00, 73.00, 62.00, 75.00, 43.00,  0.00,  0.00, 20.00, 33.00, 75.00,133.00, 55.00, 77.00, 31.00,102.00, 36.00,  0.00,  0.00,  0.00,  0.00, 30.00, 26.00, 29.00, 58.00,167.00,164.00,  0.00,  0.00, 24.00, 25.00,  0.00, 12.00, 60.00,137.00,111.00, 88.00, 54.00, 23.00, 26.00, 27.00, 31.00,  7.00, 20.00, 43.00, 71.00,101.00, 90.00, 56.00, 29.00, 25.00,  0.00,  0.00,  0.00,  0.00, 24.00,  0.00, 22.00,  0.00, 66.00, 31.00, 96.00, 31.00,  0.00,  0.00,  0.00,  0.00,  0.00, 16.00,  8.00,  0.00,  0.00, 76.00, 12.00, 68.00, 34.00,  7.00,  0.00,  0.00,  0.00,  0.00,
13.250,  0.00,153.00,155.00,148.00,182.00,133.00,159.00, 84.00, 63.00, 18.00, 51.00, 60.00,165.00,142.00,125.00,165.00,125.00, 73.00, 62.00, 77.00, 43.00,  0.00,  0.00, 20.00, 33.00, 78.00,135.00, 55.00, 77.00, 31.00,105.00, 36.00,  0.00,  0.00,  0.00,  0.00, 30.00, 26.00, 29.00, 58.00,168.00,167.00,  0.00,  0.00, 24.00, 25.00,  0.00, 12.00, 60.00,143.00,114.00, 90.00, 54.00, 23.00, 26.00, 27.00, 31.00,  7.00, 20.00, 43.00, 71.00,104.00, 91.00, 57.00, 29.00, 25.00,  0.00,  0.00,  0.00,  0.00, 24.00,  0.00, 22.00,  0.00, 66.00, 31.00, 99.00, 33.00,  0.00,  0.00,  0.00,  0.00,  0.00, 16.00,  8.00,  0.00,  0.00, 77.00, 12.00, 68.00, 34.00,  7.00,  0.00,  0.00,  0.00,  0.00,
13.500,  0.00,160.00,162.00,155.00,188.00,139.00,164.00, 86.00, 63.00, 18.00, 51.00, 60.00,169.00,145.00,132.00,171.00,130.00, 77.00, 65.00, 80.00, 45.00,  0.00,  0.00, 20.00, 38.00, 85.00,140.00, 62.00, 81.00, 32.00,108.00, 40.00,  0.00,  0.00,  0.00,  0.00, 32.00, 29.00, 35.00, 65.00,174.00,173.00,  0.00,  2.00, 24.00, 25.00,  0.00, 12.00, 61.00,147.00,121.00, 97.00, 59.00, 24.00, 33.00, 32.00, 34.00,  7.00, 20.00, 43.00, 74.00,109.00, 97.00, 62.00, 32.00, 25.00,  0.00,  0.00,  0.00,  0.00, 24.00,  0.00, 27.00,  0.00, 71.00, 34.00,104.00, 38.00,  0.00,  0.00,  0.00,  0.00,  0.00, 16.00,  9.00,  0.00,  0.00, 80.00, 16.00, 69.00, 37.00, 11.00,  0.00,  0.00,  0.00,  0.00,
13.750,  0.00,166.00,166.00,160.00,190.00,144.00,169.00, 96.00, 69.00, 22.00, 55.00, 60.00,171.00,150.00,137.00,176.00,134.00, 85.00, 73.00, 87.00, 50.00,  3.00,  0.00, 20.00, 42.00, 88.00,145.00, 67.00, 87.00, 38.00,115.00, 43.00,  0.00,  0.00,  0.00,  2.00, 36.00, 32.00, 37.00, 67.00,178.00,176.00,  2.00,  6.00, 34.00, 32.00,  0.00, 13.00, 65.00,151.00,127.00,102.00, 63.00, 27.00, 37.00, 38.00, 39.00, 11.00, 20.00, 43.00, 78.00,115.00,101.00, 67.00, 37.00, 30.00,  0.00,  0.00,  0.00,  0.00, 31.00,  0.00, 29.00,  0.00, 74.00, 36.00,109.00, 42.00,  0.00,  0.00,  0.00,  0.00,  0.00, 21.00, 11.00,  1.00,  0.00, 85.00, 16.00, 74.00, 39.00, 13.00,  0.00,  0.00,  0.00,  0.00,
14.000,  0.00,170.00,169.00,162.00,194.00,144.00,171.00, 96.00, 69.00, 22.00, 55.00, 60.00,171.00,151.00,141.00,180.00,136.00, 85.00, 73.00, 87.00, 50.00,  3.00,  0.00, 20.00, 46.00, 91.00,146.00, 68.00, 87.00, 38.00,115.00, 43.00,  0.00,  0.00,  0.00,  2.00, 36.00, 32.00, 37.00, 67.00,181.00,179.00,  2.00,  6.00, 34.00, 32.00,  0.00, 13.00, 65.00,154.00,129.00,104.00, 63.00, 27.00, 37.00, 38.00, 39.00, 11.00, 20.00, 43.00, 78.00,116.00,102.00, 67.00, 37.00, 30.00,  0.00,  0.00,  0.00,  0.00, 31.00,  0.00, 29.00,  0.00, 75.00, 36.00,113.00, 42.00,  0.00,  0.00,  0.00,  0.00,  0.00, 21.00, 11.00,  1.00,  0.00, 85.00, 16.00, 74.00, 39.00, 13.00,  0.00,  0.00,  0.00,  0.00,
14.250,  0.00,173.00,172.00,166.00,195.00,146.00,172.00, 96.00, 69.00, 22.00, 55.00, 60.00,174.00,156.00,145.00,183.00,137.00, 87.00, 74.00, 89.00, 50.00,  3.00,  0.00, 20.00, 47.00, 94.00,150.00, 72.00, 90.00, 38.00,116.00, 44.00,  0.00,  0.00,  0.00,  2.00, 39.00, 34.00, 39.00, 72.00,184.00,183.00,  2.00,  6.00, 34.00, 32.00,  0.00, 13.00, 65.00,158.00,134.00,107.00, 66.00, 27.00, 41.00, 39.00, 39.00, 11.00, 20.00, 43.00, 83.00,121.00,107.00, 69.00, 39.00, 30.00,  0.00,  0.00,  0.00,  0.00, 31.00,  0.00, 33.00,  0.00, 79.00, 36.00,115.00, 44.00,  0.00,  0.00,  0.00,  0.00,  0.00, 21.00, 15.00,  5.00,  0.00, 85.00, 17.00, 74.00, 41.00, 14.00,  0.00,  0.00,  0.00,  0.00,
14.500,  0.00,179.00,175.00,169.00,196.00,150.00,172.00, 95.00, 68.00, 21.00, 54.00, 59.00,174.00,157.00,149.00,186.00,140.00, 93.00, 76.00, 88.00, 52.00,  2.00,  0.00, 19.00, 50.00, 97.00,153.00, 78.00, 91.00, 39.00,120.00, 44.00,  0.00,  0.00,  0.00,  1.00, 42.00, 39.00, 40.00, 74.00,187.00,185.00,  2.00,  5.00, 33.00, 31.00,  0.00, 12.00, 65.00,158.00,139.00,113.00, 68.00, 31.00, 44.00, 43.00, 39.00, 10.00, 19.00, 42.00, 85.00,126.00,112.00, 72.00, 42.00, 31.00,  0.00,  0.00,  0.00,  0.00, 30.00,  0.00, 35.00,  0.00, 84.00, 39.00,118.00, 49.00,  0.00,  0.00,  0.00,  0.00,  0.00, 20.00, 16.00,  6.00,  0.00, 86.00, 16.00, 73.00, 44.00, 18.00,  0.00,  0.00,  0.00,  0.00,
14.750,  0.00,183.00,178.00,174.00,199.00,154.00,177.00, 95.00, 68.00, 21.00, 54.00, 59.00,180.00,161.00,150.00,190.00,147.00, 94.00, 79.00, 93.00, 52.00,  2.00,  0.00, 19.00, 53.00,102.00,155.00, 79.00, 97.00, 39.00,123.00, 49.00,  0.00,  0.00,  0.00,  1.00, 43.00, 40.00, 40.00, 77.00,191.00,189.00,  2.00,  5.00, 33.00, 31.00,  0.00, 12.00, 68.00,161.00,142.00,118.00, 70.00, 31.00, 47.00, 43.00, 39.00, 11.00, 19.00, 42.00, 88.00,131.00,115.00, 74.00, 42.00, 31.00,  0.00,  0.00,  0.00,  0.00, 30.00,  0.00, 36.00,  0.00, 87.00, 41.00,126.00, 49.00,  0.00,  0.00,  0.00,  0.00,  0.00, 20.00, 16.00,  9.00,  0.00, 87.00, 17.00, 73.00, 44.00, 18.00,  0.00,  0.00,  0.00,  0.00,
15.000,  0.00,187.00,180.00,176.00,201.00,155.00,178.00, 95.00, 68.00, 21.00, 54.00, 59.00,180.00,165.00,155.00,193.00,148.00, 95.00, 82.00, 94.00, 52.00,  2.00,  0.00, 19.00, 58.00,105.00,160.00, 83.00, 97.00, 41.00,125.00, 49.00,  0.00,  0.00,  0.00,  1.00, 44.00, 42.00, 42.00, 79.00,193.00,192.00,  2.00,  5.00, 33.00, 31.00,  0.00, 12.00, 68.00,162.00,145.00,122.00, 71.00, 31.00, 49.00, 46.00, 39.00, 11.00, 19.00, 42.00, 91.00,135.00,116.00, 78.00, 46.00, 34.00,  0.00,  0.00,  0.00,  0.00, 30.00,  0.00, 37.00,  0.00, 88.00, 41.00,126.00, 52.00,  0.00,  0.00,  0.00,  0.00,  0.00, 20.00, 20.00, 10.00,  0.00, 90.00, 19.00, 74.00, 44.00, 18.00,  0.00,  0.00,  0.00,  0.00,
15.250,  0.00,191.00,184.00,180.00,204.00,161.00,182.00, 97.00, 68.00, 21.00, 54.00, 59.00,185.00,168.00,160.00,196.00,154.00,101.00, 87.00,101.00, 52.00,  2.00,  0.00, 19.00, 59.00,111.00,165.00, 89.00,102.00, 44.00,131.00, 55.00,  0.00,  0.00,  0.00,  1.00, 48.00, 47.00, 44.00, 82.00,198.00,194.00,  2.00,  8.00, 36.00, 31.00,  0.00, 12.00, 73.00,167.00,149.00,129.00, 75.00, 32.00, 55.00, 51.00, 44.00, 13.00, 19.00, 42.00, 96.00,142.00,124.00, 83.00, 50.00, 38.00,  0.00,  0.00,  0.00,  0.00, 30.00,  0.00, 40.00,  2.00, 94.00, 43.00,133.00, 56.00,  0.00,  0.00,  0.00,  0.00,  0.00, 20.00, 24.00, 16.00,  0.00, 93.00, 23.00, 78.00, 48.00, 22.00,  0.00,  0.00,  0.00,  0.00,
15.500,  0.00,193.00,186.00,182.00,207.00,161.00,183.00, 97.00, 68.00, 21.00, 54.00, 59.00,185.00,170.00,160.00,196.00,154.00,102.00, 87.00,101.00, 52.00,  2.00,  0.00, 19.00, 63.00,111.00,165.00, 90.00,103.00, 44.00,131.00, 55.00,  0.00,  0.00,  0.00,  1.00, 48.00, 48.00, 44.00, 86.00,199.00,199.00,  2.00,  8.00, 36.00, 31.00,  0.00, 12.00, 73.00,170.00,151.00,129.00, 77.00, 32.00, 56.00, 51.00, 44.00, 13.00, 19.00, 42.00, 96.00,145.00,125.00, 83.00, 50.00, 38.00,  0.00,  0.00,  0.00,  0.00, 30.00,  0.00, 40.00,  2.00, 95.00, 43.00,133.00, 56.00,  0.00,  0.00,  0.00,  0.00,  0.00, 20.00, 24.00, 16.00,  0.00, 93.00, 23.00, 78.00, 48.00, 22.00,  0.00,  0.00,  0.00,  0.00,
15.750,  0.00,197.00,188.00,185.00,209.00,163.00,186.00, 97.00, 68.00, 21.00, 54.00, 59.00,186.00,172.00,164.00,197.00,154.00,105.00, 90.00,101.00, 52.00,  2.00,  0.00, 19.00, 65.00,114.00,169.00, 93.00,107.00, 44.00,132.00, 55.00,  0.00,  0.00,  0.00,  1.00, 52.00, 49.00, 47.00, 92.00,200.00,200.00,  2.00,  8.00, 37.00, 31.00,  0.00, 12.00, 73.00,173.00,154.00,132.00, 79.00, 34.00, 60.00, 53.00, 44.00, 13.00, 19.00, 42.00, 98.00,146.00,130.00, 86.00, 52.00, 38.00,  0.00,  0.00,  0.00,  0.00, 30.00,  0.00, 42.00,  4.00,101.00, 44.00,133.00, 57.00,  0.00,  0.00,  0.00,  0.00,  0.00, 20.00, 29.00, 19.00,  0.00, 93.00, 23.00, 78.00, 49.00, 24.00,  0.00,  0.00,  0.00,  0.00,
16.000,  0.00,201.00,191.00,189.00,210.00,166.00,188.00, 97.00, 68.00, 21.00, 54.00, 59.00,187.00,175.00,167.00,198.00,157.00,107.00, 91.00,101.00, 52.00,  2.00,  0.00, 19.00, 67.00,118.00,171.00, 97.00,108.00, 44.00,132.00, 55.00,  0.00,  0.00,  0.00,  1.00, 53.00, 52.00, 47.00, 94.00,203.00,202.00,  2.00,  8.00, 37.00, 31.00,  0.00, 12.00, 73.00,176.00,159.00,134.00, 80.00, 34.00, 61.00, 53.00, 44.00, 13.00, 19.00, 42.00,102.00,149.00,131.00, 88.00, 54.00, 38.00,  0.00,  0.00,  0.00,  0.00, 30.00,  0.00, 42.00,  4.00,104.00, 44.00,133.00, 59.00,  0.00,  0.00,  0.00,  0.00,  0.00, 20.00, 29.00, 20.00,  0.00, 93.00, 23.00, 78.00, 49.00, 24.00,  0.00,  0.00,  0.00,  0.00,
16.250,  0.00,202.00,195.00,190.00,213.00,168.00,187.00, 96.00, 67.00, 20.00, 53.00, 58.00,188.00,177.00,170.00,198.00,157.00,110.00, 93.00,101.00, 52.00,  1.00,  0.00, 18.00, 72.00,122.00,174.00,101.00,110.00, 45.00,135.00, 54.00,  0.00,  0.00,  0.00,  0.00, 55.00, 55.00, 51.00, 99.00,205.00,206.00,  3.00,  7.00, 40.00, 30.00,  0.00, 11.00, 73.00,177.00,164.00,138.00, 83.00, 35.00, 63.00, 56.00, 43.00, 13.00, 18.00, 41.00,101.00,152.00,135.00, 89.00, 54.00, 39.00,  0.00,  0.00,  0.00,  0.00, 29.00,  0.00, 42.00,  6.00,107.00, 43.00,133.00, 58.00,  0.00,  0.00,  0.00,  0.00,  0.00, 19.00, 28.00, 22.00,  0.00, 92.00, 24.00, 77.00, 50.00, 23.00,  0.00,  0.00,  0.00,  0.00,
16.500,  0.00,202.00,196.00,191.00,210.00,167.00,186.00, 96.00, 63.00, 16.00, 49.00, 54.00,187.00,175.00,172.00,196.00,158.00,111.00, 93.00, 97.00, 52.00,  0.00,  0.00, 14.00, 74.00,121.00,174.00,102.00,113.00, 46.00,136.00, 53.00,  0.00,  0.00,  0.00,  0.00, 59.00, 56.00, 51.00,101.00,204.00,206.00,  2.00,  7.00, 43.00, 27.00,  0.00,  7.00, 75.00,176.00,166.00,141.00, 84.00, 38.00, 63.00, 58.00, 39.00, 13.00, 14.00, 37.00,104.00,155.00,139.00, 92.00, 56.00, 40.00,  0.00,  0.00,  0.00,  0.00, 25.00,  0.00, 41.00,  6.00,109.00, 44.00,129.00, 57.00,  0.00,  0.00,  0.00,  0.00,  0.00, 15.00, 32.00, 24.00,  0.00, 92.00, 24.00, 73.00, 53.00, 28.00,  0.00,  0.00,  0.00,  0.00,
16.750,  0.00,208.00,197.00,193.00,213.00,172.00,190.00, 96.00, 63.00, 16.00, 49.00, 54.00,189.00,181.00,174.00,196.00,159.00,112.00, 94.00,100.00, 52.00,  0.00,  0.00, 14.00, 77.00,125.00,176.00,103.00,115.00, 46.00,137.00, 54.00,  0.00,  0.00,  0.00,  0.00, 59.00, 58.00, 51.00,101.00,206.00,209.00,  2.00,  7.00, 43.00, 27.00,  0.00,  7.00, 75.00,179.00,168.00,144.00, 84.00, 38.00, 65.00, 58.00, 39.00, 13.00, 14.00, 37.00,104.00,157.00,139.00, 92.00, 56.00, 40.00,  0.00,  0.00,  0.00,  0.00, 25.00,  0.00, 41.00,  6.00,112.00, 44.00,133.00, 57.00,  0.00,  0.00,  0.00,  0.00,  0.00, 15.00, 32.00, 24.00,  0.00, 92.00, 24.00, 73.00, 53.00, 28.00,  0.00,  0.00,  0.00,  0.00,
17.000,  0.00,208.00,199.00,196.00,215.00,173.00,190.00, 96.00, 63.00, 16.00, 49.00, 54.00,192.00,182.00,176.00,197.00,161.00,114.00, 94.00,100.00, 52.00,  0.00,  0.00, 14.00, 81.00,129.00,177.00,106.00,116.00, 46.00,138.00, 54.00,  0.00,  0.00,  0.00,  0.00, 59.00, 61.00, 51.00,107.00,207.00,209.00,  2.00,  7.00, 43.00, 27.00,  0.00,  7.00, 75.00,182.00,171.00,144.00, 86.00, 38.00, 66.00, 58.00, 39.00, 13.00, 14.00, 37.00,105.00,161.00,142.00, 96.00, 58.00, 40.00,  0.00,  0.00,  0.00,  0.00, 25.00,  0.00, 41.00,  8.00,113.00, 44.00,133.00, 57.00,  0.00,  0.00,  0.00,  0.00,  0.00, 15.00, 32.00, 24.00,  0.00, 92.00, 24.00, 73.00, 53.00, 28.00,  0.00,  0.00,  0.00,  0.00,
17.250,  0.00,212.00,201.00,200.00,220.00,177.00,194.00, 96.00, 63.00, 16.00, 49.00, 54.00,195.00,188.00,181.00,202.00,166.00,119.00,100.00,104.00, 52.00,  0.00,  0.00, 14.00, 90.00,135.00,181.00,111.00,123.00, 46.00,143.00, 59.00,  0.00,  0.00,  0.00,  0.00, 62.00, 67.00, 53.00,112.00,212.00,213.00,  2.00,  7.00, 43.00, 27.00,  0.00,  7.00, 78.00,187.00,176.00,151.00, 90.00, 38.00, 71.00, 58.00, 39.00, 13.00, 14.00, 37.00,110.00,165.00,147.00,100.00, 61.00, 42.00,  0.00,  0.00,  0.00,  0.00, 25.00,  0.00, 44.00, 10.00,119.00, 45.00,138.00, 59.00,  0.00,  0.00,  0.00,  0.00,  0.00, 15.00, 32.00, 29.00,  0.00, 92.00, 27.00, 73.00, 53.00, 28.00,  0.00,  0.00,  0.00,  0.00,
17.500,  0.00,213.00,203.00,200.00,220.00,177.00,194.00, 96.00, 63.00, 16.00, 49.00, 54.00,195.00,188.00,182.00,202.00,166.00,119.00,100.00,104.00, 52.00,  0.00,  0.00, 14.00, 90.00,135.00,181.00,113.00,123.00, 46.00,143.00, 59.00,  0.00,  0.00,  0.00,  0.00, 64.00, 67.00, 54.00,115.00,212.00,214.00,  2.00,  7.00, 43.00, 27.00,  0.00,  7.00, 78.00,187.00,176.00,151.00, 90.00, 38.00, 71.00, 61.00, 39.00, 13.00, 14.00, 37.00,110.00,167.00,149.00,102.00, 62.00, 42.00,  0.00,  0.00,  0.00,  0.00, 25.00,  0.00, 44.00, 10.00,119.00, 45.00,138.00, 59.00,  0.00,  0.00,  0.00,  0.00,  0.00, 15.00, 33.00, 30.00,  0.00, 92.00, 27.00, 73.00, 53.00, 28.00,  0.00,  0.00,  0.00,  0.00,
17.750,  0.00,216.00,206.00,205.00,220.00,180.00,194.00, 96.00, 63.00, 16.00, 49.00, 54.00,195.00,189.00,185.00,202.00,166.00,124.00,101.00,104.00, 52.00,  0.00,  0.00, 14.00, 94.00,139.00,184.00,119.00,128.00, 48.00,145.00, 59.00,  0.00,  0.00,  0.00,  0.00, 66.00, 72.00, 56.00,121.00,214.00,214.00,  2.00,  7.00, 43.00, 27.00,  0.00,  7.00, 78.00,190.00,181.00,156.00, 93.00, 40.00, 72.00, 65.00, 39.00, 13.00, 14.00, 37.00,115.00,172.00,152.00,104.00, 65.00, 43.00,  0.00,  0.00,  0.00,  0.00, 25.00,  0.00, 45.00, 12.00,121.00, 46.00,138.00, 59.00,  0.00,  0.00,  0.00,  0.00,  0.00, 15.00, 36.00, 35.00,  0.00, 92.00, 27.00, 73.00, 53.00, 29.00,  0.00,  0.00,  0.00,  0.00,
18.000,  0.00,218.00,208.00,206.00,221.00,181.00,193.00, 95.00, 63.00, 15.00, 47.00, 52.00,196.00,189.00,186.00,202.00,168.00,126.00,102.00,102.00, 50.00,  0.00,  0.00, 12.00, 99.00,142.00,183.00,122.00,132.00, 48.00,148.00, 57.00,  0.00,  0.00,  0.00,  0.00, 72.00, 77.00, 59.00,126.00,213.00,214.00,  2.00,  8.00, 45.00, 25.00,  0.00,  5.00, 80.00,191.00,182.00,158.00, 97.00, 41.00, 75.00, 67.00, 37.00, 12.00, 12.00, 35.00,116.00,175.00,155.00,106.00, 68.00, 45.00,  0.00,  0.00,  0.00,  0.00, 23.00,  0.00, 46.00, 15.00,125.00, 45.00,136.00, 59.00,  0.00,  0.00,  0.00,  0.00,  0.00, 13.00, 39.00, 38.00,  0.00, 91.00, 27.00, 71.00, 55.00, 31.00,  0.00,  0.00,  0.00,  0.00,
18.250,  0.00,219.00,208.00,206.00,222.00,181.00,193.00, 95.00, 63.00, 15.00, 47.00, 52.00,196.00,189.00,186.00,202.00,169.00,126.00,102.00,102.00, 50.00,  0.00,  0.00, 12.00,101.00,142.00,184.00,122.00,132.00, 48.00,148.00, 57.00,  0.00,  0.00,  0.00,  0.00, 72.00, 77.00, 59.00,126.00,213.00,216.00,  2.00,  8.00, 45.00, 25.00,  0.00,  5.00, 80.00,191.00,183.00,158.00, 97.00, 41.00, 75.00, 67.00, 37.00, 12.00, 12.00, 35.00,116.00,175.00,158.00,106.00, 68.00, 45.00,  0.00,  0.00,  0.00,  0.00, 23.00,  0.00, 46.00, 15.00,125.00, 45.00,136.00, 59.00,  0.00,  0.00,  0.00,  0.00,  0.00, 13.00, 39.00, 38.00,  0.00, 91.00, 27.00, 71.00, 55.00, 31.00,  0.00,  0.00,  0.00,  0.00,
18.500,  0.00,219.00,208.00,209.00,223.00,185.00,193.00, 95.00, 63.00, 15.00, 47.00, 52.00,196.00,192.00,187.00,202.00,171.00,128.00,102.00,102.00, 50.00,  0.00,  0.00, 12.00,103.00,145.00,186.00,122.00,133.00, 48.00,148.00, 57.00,  0.00,  0.00,  0.00,  0.00, 72.00, 80.00, 59.00,130.00,216.00,216.00,  2.00,  8.00, 45.00, 25.00,  0.00,  5.00, 80.00,192.00,183.00,162.00, 97.00, 41.00, 75.00, 68.00, 37.00, 12.00, 12.00, 35.00,120.00,178.00,161.00,107.00, 68.00, 45.00,  0.00,  0.00,  0.00,  0.00, 23.00,  0.00, 46.00, 15.00,126.00, 45.00,136.00, 59.00,  0.00,  0.00,  0.00,  0.00,  0.00, 13.00, 39.00, 41.00,  0.00, 91.00, 27.00, 71.00, 55.00, 31.00,  0.00,  0.00,  0.00,  0.00,
18.750,  0.00,222.00,211.00,212.00,225.00,188.00,195.00, 95.00, 63.00, 15.00, 47.00, 52.00,197.00,195.00,190.00,204.00,174.00,132.00,103.00,102.00, 50.00,  0.00,  0.00, 12.00,109.00,150.00,189.00,127.00,139.00, 48.00,150.00, 58.00,  0.00,  0.00,  0.00,  0.00, 76.00, 85.00, 61.00,137.00,217.00,217.00,  2.00,  8.00, 45.00, 25.00,  0.00,  5.00, 80.00,195.00,189.00,167.00,100.00, 41.00, 80.00, 71.00, 37.00, 12.00, 12.00, 35.00,125.00,181.00,163.00,109.00, 71.00, 46.00,  0.00,  0.00,  0.00,  0.00, 23.00,  0.00, 46.00, 18.00,130.00, 46.00,136.00, 59.00,  0.00,  0.00,  0.00,  0.00,  0.00, 13.00, 39.00, 44.00,  0.00, 91.00, 27.00, 71.00, 55.00, 31.00,  0.00,  0.00,  0.00,  0.00,
19.000,  0.00,225.00,213.00,215.00,226.00,189.00,195.00, 95.00, 63.00, 15.00, 47.00, 52.00,197.00,195.00,191.00,204.00,174.00,132.00,103.00,102.00, 50.00,  0.00,  0.00, 12.00,112.00,151.00,189.00,129.00,141.00, 48.00,152.00, 58.00,  0.00,  0.00,  0.00,  0.00, 80.00, 90.00, 62.00,142.00,217.00,218.00,  2.00,  8.00, 45.00, 25.00,  0.00,  5.00, 80.00,195.00,190.00,168.00,102.00, 41.00, 81.00, 71.00, 37.00, 12.00, 12.00, 35.00,125.00,182.00,165.00,109.00, 71.00, 46.00,  0.00,  0.00,  0.00,  0.00, 23.00,  0.00, 46.00, 20.00,130.00, 46.00,136.00, 59.00,  0.00,  0.00,  0.00,  0.00,  0.00, 13.00, 39.00, 46.00,  0.00, 91.00, 27.00, 71.00, 55.00, 31.00,  0.00,  0.00,  0.00,  0.00,
19.250,  0.00,226.00,214.00,215.00,227.00,192.00,196.00, 95.00, 63.00, 15.00, 47.00, 52.00,198.00,198.00,193.00,208.00,179.00,139.00,107.00,102.00, 50.00,  0.00,  0.00, 12.00,116.00,153.00,191.00,133.00,146.00, 48.00,156.00, 59.00,  0.00,  0.00,  0.00,  0.00, 83.00, 92.00, 62.00,146.00,220.00,218.00,  2.00,  8.00, 45.00, 25.00,  0.00,  5.00, 85.00,198.00,191.00,173.00,104.00, 44.00, 81.00, 75.00, 37.00, 12.00, 12.00, 35.00,129.00,187.00,170.00,113.00, 76.00, 50.00,  0.00,  0.00,  0.00,  0.00, 23.00,  0.00, 47.00, 21.00,132.00, 46.00,136.00, 59.00,  0.00,  0.00,  0.00,  0.00,  0.00, 13.00, 44.00, 49.00,  0.00, 91.00, 29.00, 71.00, 55.00, 31.00,  0.00,  0.00,  0.00,  0.00,
19.500,  0.00,228.00,217.00,216.00,228.00,192.00,196.00, 95.00, 63.00, 15.00, 47.00, 52.00,198.00,198.00,196.00,208.00,180.00,141.00,110.00,102.00, 50.00,  0.00,  0.00, 12.00,117.00,157.00,194.00,138.00,148.00, 50.00,157.00, 59.00,  0.00,  0.00,  0.00,  0.00, 88.00, 99.00, 66.00,150.00,220.00,218.00,  2.00,  8.00, 45.00, 25.00,  0.00,  5.00, 88.00,198.00,193.00,177.00,107.00, 45.00, 84.00, 81.00, 37.00, 12.00, 12.00, 35.00,133.00,191.00,174.00,115.00, 78.00, 52.00,  0.00,  0.00,  0.00,  0.00, 23.00,  0.00, 48.00, 24.00,135.00, 48.00,136.00, 59.00,  0.00,  0.00,  0.00,  0.00,  0.00, 13.00, 46.00, 53.00,  0.00, 91.00, 32.00, 71.00, 56.00, 32.00,  0.00,  0.00,  0.00,  0.00,
19.750,  0.00,228.00,217.00,219.00,228.00,193.00,195.00, 94.00, 62.00, 14.00, 46.00, 51.00,197.00,200.00,195.00,207.00,179.00,140.00,109.00,101.00, 49.00,  0.00,  0.00, 11.00,121.00,158.00,193.00,137.00,150.00, 49.00,156.00, 58.00,  0.00,  0.00,  0.00,  0.00, 87.00,100.00, 65.00,154.00,220.00,217.00,  1.00,  7.00, 44.00, 24.00,  0.00,  4.00, 87.00,199.00,194.00,176.00,106.00, 44.00, 83.00, 80.00, 36.00, 11.00, 11.00, 34.00,132.00,190.00,173.00,114.00, 77.00, 51.00,  0.00,  0.00,  0.00,  0.00, 22.00,  0.00, 47.00, 23.00,135.00, 47.00,135.00, 58.00,  0.00,  0.00,  0.00,  0.00,  0.00, 12.00, 45.00, 52.00,  0.00, 90.00, 31.00, 70.00, 55.00, 31.00,  0.00,  0.00,  0.00,  0.00,
20.000,  0.00,228.00,218.00,219.00,228.00,193.00,195.00, 94.00, 62.00, 14.00, 46.00, 51.00,197.00,200.00,196.00,207.00,179.00,140.00,109.00,101.00, 49.00,  0.00,  0.00, 11.00,121.00,158.00,194.00,141.00,153.00, 49.00,156.00, 58.00,  0.00,  0.00,  0.00,  0.00, 89.00,102.00, 66.00,158.00,220.00,217.00,  1.00,  7.00, 44.00, 24.00,  0.00,  4.00, 87.00,199.00,194.00,177.00,108.00, 47.00, 83.00, 82.00, 36.00, 11.00, 11.00, 34.00,132.00,190.00,173.00,114.00, 77.00, 51.00,  0.00,  0.00,  0.00,  0.00, 22.00,  0.00, 47.00, 27.00,135.00, 47.00,135.00, 58.00,  0.00,  0.00,  0.00,  0.00,  0.00, 12.00, 45.00, 54.00,  0.00, 90.00, 31.00, 70.00, 55.00, 31.00,  0.00,  0.00,  0.00,  0.00,
20.250,  0.00,231.00,218.00,220.00,228.00,194.00,195.00, 94.00, 62.00, 14.00, 46.00, 51.00,197.00,203.00,198.00,208.00,184.00,142.00,109.00,101.00, 49.00,  0.00,  0.00, 11.00,123.00,162.00,197.00,142.00,155.00, 49.00,156.00, 58.00,  0.00,  0.00,  0.00,  0.00, 91.00,107.00, 66.00,162.00,220.00,217.00,  1.00,  7.00, 44.00, 24.00,  0.00,  4.00, 87.00,201.00,195.00,179.00,109.00, 47.00, 85.00, 82.00, 36.00, 11.00, 11.00, 34.00,134.00,191.00,176.00,114.00, 79.00, 51.00,  0.00,  0.00,  0.00,  0.00, 22.00,  0.00, 47.00, 27.00,137.00, 47.00,135.00, 58.00,  0.00,  0.00,  0.00,  0.00,  0.00, 12.00, 45.00, 55.00,  0.00, 90.00, 31.00, 70.00, 55.00, 31.00,  0.00,  0.00,  0.00,  0.00,
20.500,  0.00,232.00,221.00,223.00,230.00,194.00,195.00, 94.00, 62.00, 14.00, 46.00, 51.00,197.00,203.00,200.00,208.00,184.00,142.00,109.00,101.00, 49.00,  0.00,  0.00, 11.00,125.00,165.00,198.00,144.00,155.00, 49.00,156.00, 58.00,  0.00,  0.00,  0.00,  0.00, 94.00,109.00, 69.00,168.00,221.00,217.00,  1.00,  7.00, 44.00, 24.00,  0.00,  4.00, 87.00,201.00,198.00,179.00,111.00, 48.00, 85.00, 84.00, 36.00, 11.00, 11.00, 34.00,135.00,194.00,177.00,114.00, 80.00, 54.00,  0.00,  0.00,  0.00,  0.00, 22.00,  0.00, 47.00, 28.00,137.00, 47.00,135.00, 58.00,  0.00,  0.00,  0.00,  0.00,  0.00, 12.00, 45.00, 60.00,  0.00, 90.00, 31.00, 70.00, 55.00, 31.00,  0.00,  0.00,  0.00,  0.00,
20.750,  0.00,233.00,221.00,223.00,230.00,195.00,195.00, 94.00, 62.00, 14.00, 46.00, 51.00,198.00,206.00,200.00,209.00,188.00,146.00,109.00,101.00, 49.00,  0.00,  0.00, 11.00,126.00,168.00,201.00,149.00,158.00, 49.00,157.00, 58.00,  0.00,  0.00,  0.00,  0.00, 98.00,115.00, 69.00,173.00,224.00,217.00,  1.00,  7.00, 44.00, 24.00,  0.00,  4.00, 89.00,202.00,198.00,182.00,114.00, 48.00, 87.00, 84.00, 36.00, 11.00, 11.00, 34.00,140.00,194.00,181.00,115.00, 83.00, 54.00,  0.00,  0.00,  0.00,  0.00, 22.00,  0.00, 47.00, 30.00,139.00, 47.00,135.00, 58.00,  0.00,  0.00,  0.00,  0.00,  0.00, 12.00, 45.00, 63.00,  0.00, 90.00, 32.00, 70.00, 55.00, 31.00,  0.00,  0.00,  0.00,  0.00,
21.000,  0.00,237.00,221.00,224.00,232.00,198.00,195.00, 94.00, 62.00, 14.00, 46.00, 51.00,202.00,209.00,200.00,213.00,193.00,151.00,112.00,101.00, 49.00,  0.00,  0.00, 11.00,132.00,169.00,203.00,151.00,164.00, 49.00,160.00, 62.00,  0.00,  0.00,  0.00,  0.00,101.00,116.00, 69.00,174.00,227.00,217.00,  1.00,  7.00, 44.00, 24.00,  0.00,  4.00, 92.00,204.00,202.00,187.00,116.00, 48.00, 91.00, 84.00, 36.00, 11.00, 11.00, 34.00,148.00,199.00,183.00,121.00, 84.00, 57.00,  0.00,  0.00,  0.00,  0.00, 22.00,  0.00, 47.00, 32.00,143.00, 49.00,135.00, 58.00,  0.00,  0.00,  0.00,  0.00,  0.00, 12.00, 45.00, 64.00,  0.00, 90.00, 35.00, 70.00, 55.00, 31.00,  0.00,  0.00,  0.00,  0.00,
21.250,  0.00,238.00,222.00,225.00,233.00,199.00,195.00, 94.00, 62.00, 14.00, 46.00, 51.00,202.00,209.00,202.00,213.00,193.00,151.00,112.00,101.00, 49.00,  0.00,  0.00, 11.00,132.00,172.00,203.00,152.00,165.00, 49.00,160.00, 62.00,  0.00,  0.00,  0.00,  0.00,105.00,121.00, 69.00,181.00,227.00,217.00,  1.00,  7.00, 44.00, 24.00,  0.00,  4.00, 92.00,204.00,202.00,187.00,118.00, 48.00, 91.00, 87.00, 36.00, 11.00, 11.00, 34.00,148.00,199.00,185.00,121.00, 87.00, 59.00,  0.00,  0.00,  0.00,  0.00, 22.00,  0.00, 48.00, 33.00,143.00, 49.00,135.00, 58.00,  0.00,  0.00,  0.00,  0.00,  0.00, 12.00, 46.00, 67.00,  0.00, 90.00, 35.00, 70.00, 55.00, 31.00,  0.00,  0.00,  0.00,  0.00,
21.500,  0.00,238.00,223.00,226.00,233.00,201.00,195.00, 94.00, 62.00, 14.00, 46.00, 51.00,202.00,211.00,203.00,213.00,195.00,155.00,114.00,101.00, 49.00,  0.00,  0.00, 11.00,134.00,173.00,204.00,154.00,168.00, 49.00,162.00, 62.00,  0.00,  0.00,  0.00,  0.00,107.00,123.00, 70.00,184.00,227.00,217.00,  1.00,  7.00, 44.00, 24.00,  0.00,  4.00, 95.00,204.00,203.00,189.00,120.00, 48.00, 92.00, 89.00, 36.00, 11.00, 11.00, 34.00,151.00,199.00,186.00,121.00, 89.00, 60.00,  0.00,  0.00,  0.00,  0.00, 22.00,  0.00, 48.00, 35.00,143.00, 51.00,135.00, 58.00,  0.00,  0.00,  0.00,  0.00,  0.00, 12.00, 46.00, 67.00,  0.00, 90.00, 35.00, 70.00, 55.00, 31.00,  0.00,  0.00,  0.00,  0.00,
21.750,  0.00,238.00,225.00,227.00,233.00,203.00,195.00, 94.00, 62.00, 14.00, 46.00, 51.00,205.00,211.00,205.00,214.00,195.00,158.00,114.00,101.00, 49.00,  0.00,  0.00, 11.00,137.00,176.00,205.00,157.00,169.00, 51.00,165.00, 62.00,  0.00,  0.00,  0.00,  0.00,111.00,128.00, 72.00,189.00,229.00,217.00,  1.00,  7.00, 44.00, 24.00,  0.00,  4.00, 97.00,204.00,204.00,190.00,125.00, 51.00, 92.00, 94.00, 36.00, 11.00, 11.00, 34.00,154.00,202.00,189.00,122.00, 91.00, 63.00,  0.00,  0.00,  0.00,  0.00, 22.00,  0.00, 49.00, 37.00,143.00, 51.00,135.00, 58.00,  0.00,  0.00,  0.00,  0.00,  0.00, 12.00, 51.00, 73.00,  0.00, 90.00, 36.00, 70.00, 55.00, 31.00,  0.00,  0.00,  0.00,  0.00,
22.000,  0.00,238.00,226.00,228.00,233.00,203.00,195.00, 94.00, 62.00, 14.00, 46.00, 51.00,205.00,211.00,205.00,214.00,195.00,158.00,114.00,101.00, 49.00,  0.00,  0.00, 11.00,137.00,177.00,205.00,157.00,171.00, 51.00,165.00, 62.00,  0.00,  0.00,  0.00,  0.00,111.00,129.00, 72.00,193.00,229.00,217.00,  1.00,  7.00, 44.00, 24.00,  0.00,  4.00, 97.00,206.00,204.00,190.00,125.00, 51.00, 92.00, 94.00, 36.00, 11.00, 11.00, 34.00,154.00,202.00,189.00,122.00, 91.00, 63.00,  0.00,  0.00,  0.00,  0.00, 22.00,  0.00, 49.00, 37.00,143.00, 51.00,135.00, 58.00,  0.00,  0.00,  0.00,  0.00,  0.00, 12.00, 51.00, 73.00,  0.00, 90.00, 36.00, 70.00, 55.00, 31.00,  0.00,  0.00,  0.00,  0.00,
22.250,  0.00,242.00,226.00,228.00,233.00,203.00,195.00, 94.00, 62.00, 14.00, 46.00, 51.00,205.00,212.00,205.00,214.00,196.00,159.00,114.00,101.00, 49.00,  0.00,  0.00, 11.00,138.00,182.00,205.00,158.00,174.00, 51.00,165.00, 62.00,  0.00,  0.00,  0.00,  0.00,113.00,131.00, 72.00,196.00,229.00,217.00,  1.00,  7.00, 44.00, 24.00,  0.00,  4.00, 97.00,206.00,206.00,190.00,128.00, 51.00, 92.00, 94.00, 36.00, 11.00, 11.00, 34.00,156.00,202.00,191.00,122.00, 92.00, 63.00,  0.00,  0.00,  0.00,  0.00, 22.00,  0.00, 49.00, 37.00,143.00, 51.00,135.00, 58.00,  0.00,  0.00,  0.00,  0.00,  0.00, 12.00, 51.00, 73.00,  0.00, 90.00, 36.00, 70.00, 55.00, 31.00,  0.00,  0.00,  0.00,  0.00,
22.500,  0.00,242.00,227.00,229.00,233.00,203.00,195.00, 94.00, 62.00, 14.00, 46.00, 51.00,205.00,212.00,206.00,214.00,196.00,159.00,114.00,101.00, 49.00,  0.00,  0.00, 11.00,138.00,182.00,205.00,161.00,174.00, 51.00,165.00, 62.00,  0.00,  0.00,  0.00,  0.00,116.00,136.00, 73.00,200.00,229.00,217.00,  1.00,  7.00, 44.00, 24.00,  0.00,  4.00, 97.00,207.00,206.00,190.00,129.00, 51.00, 92.00, 94.00, 36.00, 11.00, 11.00, 34.00,156.00,202.00,191.00,122.00, 92.00, 63.00,  0.00,  0.00,  0.00,  0.00, 22.00,  0.00, 49.00, 39.00,143.00, 51.00,135.00, 58.00,  0.00,  0.00,  0.00,  0.00,  0.00, 12.00, 51.00, 73.00,  0.00, 90.00, 36.00, 70.00, 55.00, 31.00,  0.00,  0.00,  0.00,  0.00,
22.750,  0.00,243.00,229.00,232.00,233.00,203.00,195.00, 94.00, 62.00, 14.00, 47.00, 51.00,205.00,212.00,209.00,214.00,196.00,162.00,114.00,101.00, 49.00,  0.00,  0.00, 11.00,141.00,186.00,205.00,164.00,178.00, 52.00,166.00, 62.00,  0.00,  0.00,  0.00,  0.00,121.00,139.00, 74.00,205.00,229.00,217.00,  2.00,  7.00, 44.00, 24.00,  0.00,  5.00, 98.00,207.00,207.00,192.00,133.00, 58.00, 92.00, 94.00, 36.00, 11.00, 11.00, 34.00,156.00,203.00,197.00,122.00, 93.00, 64.00,  0.00,  0.00,  0.00,  0.00, 22.00,  0.00, 49.00, 42.00,143.00, 51.00,135.00, 58.00,  0.00,  0.00,  0.00,  0.00,  0.00, 12.00, 51.00, 78.00,  0.00, 90.00, 36.00, 70.00, 55.00, 31.00,  0.00,  0.00,  0.00,  0.00,
23.000,  0.00,244.00,230.00,233.00,233.00,207.00,195.00, 94.00, 62.00, 14.00, 60.00, 51.00,207.00,213.00,210.00,215.00,199.00,168.00,120.00,101.00, 49.00,  0.00,  0.00, 11.00,142.00,190.00,208.00,167.00,183.00, 55.00,169.00, 62.00,  0.00,  0.00,  0.00,  0.00,124.00,143.00, 75.00,208.00,229.00,217.00,  2.00,  7.00, 44.00, 24.00,  0.00, 13.00,103.00,210.00,211.00,195.00,137.00, 58.00, 97.00, 95.00, 36.00, 11.00, 11.00, 41.00,168.00,207.00,199.00,123.00, 98.00, 70.00,  0.00,  0.00,  0.00,  0.00, 22.00,  0.00, 52.00, 44.00,143.00, 55.00,135.00, 58.00,  0.00,  0.00,  0.00,  0.00,  0.00, 12.00, 51.00, 83.00,  0.00, 90.00, 40.00, 70.00, 55.00, 31.00,  0.00,  0.00,  0.00,  0.00,
23.250,  0.00,244.00,230.00,233.00,233.00,207.00,195.00, 94.00, 62.00, 14.00, 60.00, 51.00,207.00,213.00,210.00,215.00,199.00,168.00,120.00,101.00, 49.00,  0.00,  0.00, 11.00,143.00,190.00,208.00,168.00,183.00, 55.00,169.00, 62.00,  0.00,  0.00,  0.00,  0.00,125.00,144.00, 78.00,211.00,229.00,217.00,  2.00,  7.00, 44.00, 24.00,  0.00, 13.00,103.00,210.00,211.00,195.00,137.00, 59.00, 97.00, 95.00, 36.00, 11.00, 11.00, 42.00,168.00,207.00,199.00,123.00, 98.00, 70.00,  0.00,  0.00,  0.00,  0.00, 22.00,  0.00, 52.00, 44.00,143.00, 55.00,135.00, 58.00,  0.00,  0.00,  0.00,  0.00,  0.00, 12.00, 51.00, 83.00,  0.00, 90.00, 40.00, 70.00, 55.00, 31.00,  0.00,  0.00,  0.00,  7.00,
23.500,  0.00,245.00,232.00,233.00,234.00,207.00,195.00, 94.00, 62.00, 14.00, 60.00, 51.00,207.00,213.00,211.00,215.00,199.00,168.00,120.00,101.00, 49.00,  0.00,  0.00, 11.00,143.00,190.00,208.00,171.00,183.00, 55.00,169.00, 62.00,  0.00,  0.00,  0.00,  0.00,128.00,147.00, 79.00,215.00,229.00,217.00,  4.00,  7.00, 44.00, 24.00,  0.00, 13.00,103.00,210.00,211.00,195.00,137.00, 64.00, 97.00, 95.00, 36.00, 11.00, 11.00, 42.00,168.00,207.00,199.00,123.00, 98.00, 70.00,  0.00,  0.00,  0.00,  0.00, 22.00,  0.00, 52.00, 44.00,143.00, 55.00,135.00, 58.00,  0.00,  0.00,  0.00,  0.00,  0.00, 12.00, 51.00, 83.00,  0.00, 90.00, 40.00, 70.00, 55.00, 31.00,  0.00,  0.00,  0.00,  7.00,
23.750,  0.00,248.00,232.00,233.00,235.00,208.00,195.00, 94.00, 62.00, 14.00, 60.00, 51.00,210.00,217.00,213.00,215.00,200.00,168.00,120.00,101.00, 49.00,  0.00,  0.00, 11.00,146.00,196.00,208.00,173.00,190.00, 55.00,169.00, 62.00,  0.00,  0.00,  0.00,  0.00,129.00,153.00, 79.00,218.00,229.00,217.00,  4.00,  7.00, 44.00, 24.00,  0.00, 13.00,103.00,214.00,211.00,195.00,140.00, 64.00,101.00, 95.00, 36.00, 11.00, 11.00, 45.00,168.00,207.00,200.00,123.00, 98.00, 70.00,  0.00,  0.00,  0.00,  0.00, 22.00,  0.00, 52.00, 44.00,143.00, 55.00,135.00, 58.00,  0.00,  0.00,  0.00,  0.00,  0.00, 20.00, 51.00, 83.00,  0.00, 90.00, 40.00, 70.00, 55.00, 31.00,  0.00,  0.00,  0.00,  9.00,
24.000,  0.00,248.00,232.00,233.00,235.00,208.00,195.00, 94.00, 62.00, 14.00, 60.00, 51.00,210.00,217.00,213.00,215.00,200.00,168.00,120.00,101.00, 49.00,  0.00,  0.00, 11.00,146.00,196.00,208.00,173.00,190.00, 55.00,169.00, 62.00,  0.00,  0.00,  0.00,  0.00,131.00,153.00, 79.00,219.00,229.00,217.00,  4.00,  7.00, 44.00, 24.00,  0.00, 13.00,103.00,214.00,211.00,195.00,140.00, 64.00,101.00, 95.00, 36.00, 11.00, 11.00, 45.00,168.00,207.00,200.00,123.00, 98.00, 70.00,  0.00,  0.00,  0.00,  0.00, 22.00,  0.00, 52.00, 44.00,143.00, 55.00,135.00, 58.00,  0.00,  0.00,  0.00,  0.00,  0.00, 20.00, 51.00, 83.00,  0.00, 90.00, 40.00, 70.00, 55.00, 31.00,  0.00,  0.00,  0.00,  9.00,
24.250,  0.00,248.00,232.00,233.00,235.00,208.00,195.00, 94.00, 62.00, 14.00, 60.00, 51.00,210.00,217.00,213.00,215.00,200.00,168.00,120.00,101.00, 49.00,  0.00,  0.00, 11.00,146.00,196.00,208.00,173.00,190.00, 55.00,169.00, 62.00,  0.00,  0.00,  0.00,  0.00,132.00,154.00, 79.00,221.00,229.00,217.00,  4.00,  7.00, 44.00, 24.00,  0.00, 13.00,103.00,214.00,211.00,195.00,140.00, 64.00,101.00, 95.00, 36.00, 11.00, 11.00, 45.00,170.00,207.00,200.00,123.00, 98.00, 70.00,  0.00,  0.00,  0.00,  0.00, 22.00,  0.00, 52.00, 44.00,143.00, 55.00,135.00, 58.00,  0.00,  0.00,  0.00,  0.00,  0.00, 20.00, 51.00, 83.00,  0.00, 90.00, 40.00, 70.00, 55.00, 31.00,  0.00,  0.00,  0.00,  9.00,
24.500,  0.00,248.00,232.00,233.00,235.00,208.00,195.00, 94.00, 62.00, 14.00, 60.00, 51.00,210.00,217.00,213.00,215.00,200.00,168.00,120.00,101.00, 49.00,  0.00,  0.00, 11.00,146.00,198.00,208.00,176.00,191.00, 55.00,169.00, 62.00,  0.00,  0.00,  0.00,  0.00,133.00,158.00, 79.00,224.00,229.00,217.00,  4.00,  7.00, 44.00, 24.00,  0.00, 15.00,105.00,216.00,211.00,195.00,142.00, 64.00,101.00, 95.00, 36.00, 11.00, 11.00, 49.00,172.00,207.00,200.00,123.00, 98.00, 70.00,  0.00,  0.00,  0.00,  0.00, 22.00,  0.00, 52.00, 44.00,143.00, 55.00,135.00, 58.00,  0.00,  0.00,  0.00,  0.00,  0.00, 21.00, 51.00, 83.00,  0.00, 90.00, 40.00, 70.00, 55.00, 31.00,  0.00,  0.00,  5.00, 16.00,
24.750,  0.00,248.00,232.00,233.00,235.00,208.00,195.00, 94.00, 62.00, 14.00, 63.00, 51.00,210.00,217.00,213.00,217.00,200.00,168.00,120.00,101.00, 49.00,  0.00,  0.00, 11.00,146.00,199.00,210.00,177.00,194.00, 55.00,169.00, 62.00,  0.00,  0.00,  0.00,  0.00,141.00,160.00, 79.00,226.00,229.00,217.00,  4.00,  7.00, 44.00, 24.00,  0.00, 17.00,111.00,216.00,211.00,198.00,144.00, 64.00,101.00, 95.00, 36.00, 11.00, 11.00, 49.00,177.00,207.00,200.00,123.00, 99.00, 70.00,  0.00,  0.00,  0.00,  0.00, 22.00,  0.00, 53.00, 47.00,143.00, 55.00,135.00, 58.00,  0.00,  0.00,  0.00,  0.00,  0.00, 21.00, 51.00, 88.00,  0.00, 90.00, 40.00, 70.00, 55.00, 31.00,  0.00,  0.00,  8.00, 16.00,
25.000,  0.00,248.00,232.00,233.00,235.00,208.00,195.00, 94.00, 62.00, 14.00, 63.00, 51.00,210.00,217.00,214.00,217.00,200.00,168.00,120.00,101.00, 49.00,  0.00,  0.00, 11.00,146.00,200.00,210.00,177.00,194.00, 55.00,169.00, 62.00,  0.00,  0.00,  0.00,  0.00,141.00,163.00, 80.00,228.00,229.00,217.00,  4.00,  7.00, 44.00, 24.00,  0.00, 17.00,111.00,216.00,211.00,198.00,144.00, 64.00,101.00, 95.00, 36.00, 11.00, 11.00, 49.00,177.00,207.00,200.00,123.00, 99.00, 70.00,  0.00,  0.00,  0.00,  0.00, 22.00,  0.00, 53.00, 47.00,143.00, 55.00,135.00, 58.00,  0.00,  0.00,  0.00,  0.00,  0.00, 21.00, 51.00, 88.00,  0.00, 90.00, 40.00, 70.00, 55.00, 31.00,  0.00,  0.00,  8.00, 16.00,
25.250,  0.00,249.00,232.00,233.00,235.00,208.00,195.00, 94.00, 62.00, 14.00, 63.00, 51.00,210.00,217.00,214.00,217.00,200.00,168.00,120.00,101.00, 49.00,  0.00,  0.00, 11.00,146.00,201.00,210.00,177.00,195.00, 55.00,169.00, 62.00,  0.00,  0.00,  0.00,  0.00,143.00,164.00, 80.00,230.00,229.00,217.00,  4.00,  7.00, 44.00, 24.00,  0.00, 17.00,111.00,216.00,211.00,198.00,147.00, 64.00,101.00, 95.00, 36.00, 11.00, 11.00, 49.00,177.00,207.00,200.00,123.00, 99.00, 70.00,  0.00,  0.00,  0.00,  0.00, 22.00,  0.00, 53.00, 47.00,143.00, 55.00,135.00, 58.00,  0.00,  0.00,  0.00,  0.00,  0.00, 21.00, 51.00, 88.00,  0.00, 90.00, 40.00, 70.00, 55.00, 31.00,  0.00,  0.00,  9.00, 19.00,
25.500,  0.00,249.00,232.00,233.00,235.00,208.00,195.00, 94.00, 62.00, 14.00, 63.00, 51.00,210.00,217.00,214.00,217.00,200.00,168.00,120.00,101.00, 49.00,  0.00,  0.00, 11.00,146.00,201.00,210.00,181.00,199.00, 55.00,169.00, 62.00,  0.00,  0.00,  0.00,  0.00,143.00,168.00, 80.00,232.00,229.00,217.00,  4.00,  7.00, 44.00, 24.00,  0.00, 19.00,111.00,217.00,211.00,198.00,149.00, 64.00,101.00, 95.00, 36.00, 11.00, 11.00, 50.00,177.00,207.00,200.00,123.00,101.00, 70.00,  0.00,  0.00,  0.00,  0.00, 22.00,  0.00, 53.00, 47.00,143.00, 55.00,135.00, 58.00,  0.00,  0.00,  0.00,  0.00,  0.00, 22.00, 51.00, 88.00,  0.00, 90.00, 40.00, 70.00, 55.00, 31.00,  0.00,  0.00,  9.00, 20.00,
25.750,  0.00,249.00,232.00,233.00,235.00,208.00,195.00, 94.00, 62.00, 14.00, 63.00, 51.00,210.00,217.00,216.00,217.00,200.00,168.00,120.00,101.00, 49.00,  0.00,  0.00, 11.00,146.00,204.00,210.00,181.00,199.00, 55.00,169.00, 62.00,  0.00,  0.00,  0.00,  0.00,145.00,169.00, 80.00,234.00,229.00,217.00,  4.00,  7.00, 44.00, 24.00,  0.00, 19.00,111.00,217.00,211.00,198.00,151.00, 64.00,101.00, 95.00, 36.00, 11.00, 11.00, 50.00,177.00,207.00,200.00,123.00,101.00, 70.00,  0.00,  0.00,  0.00,  0.00, 22.00,  0.00, 53.00, 47.00,143.00, 55.00,135.00, 58.00,  0.00,  0.00,  0.00,  0.00,  0.00, 25.00, 51.00, 88.00,  0.00, 90.00, 40.00, 70.00, 55.00, 31.00,  0.00,  0.00,  9.00, 20.00,
26.000,  0.00,248.00,231.00,232.00,234.00,207.00,194.00, 93.00, 61.00, 13.00, 62.00, 50.00,209.00,216.00,216.00,216.00,199.00,167.00,119.00,100.00, 48.00,  0.00,  0.00, 10.00,145.00,203.00,209.00,182.00,198.00, 54.00,168.00, 61.00,  0.00,  0.00,  0.00,  0.00,151.00,171.00, 85.00,233.00,228.00,216.00,  3.00,  6.00, 43.00, 23.00,  0.00, 18.00,112.00,216.00,210.00,197.00,152.00, 66.00,100.00, 94.00, 35.00, 10.00, 10.00, 49.00,176.00,206.00,199.00,122.00,100.00, 69.00,  0.00,  0.00,  0.00,  0.00, 21.00,  0.00, 52.00, 46.00,142.00, 54.00,134.00, 57.00,  0.00,  0.00,  0.00,  0.00,  0.00, 24.00, 50.00, 90.00,  0.00, 89.00, 39.00, 69.00, 54.00, 30.00,  0.00,  0.00,  9.00, 19.00,
26.250,  0.00,249.00,231.00,232.00,234.00,207.00,194.00, 93.00, 61.00, 13.00, 67.00, 50.00,209.00,216.00,216.00,216.00,199.00,167.00,119.00,100.00, 48.00,  0.00,  0.00, 10.00,145.00,206.00,209.00,184.00,198.00, 54.00,168.00, 61.00,  0.00,  0.00,  0.00,  0.00,153.00,171.00, 85.00,233.00,228.00,216.00,  3.00,  6.00, 43.00, 23.00,  0.00, 18.00,115.00,216.00,210.00,198.00,154.00, 66.00,100.00, 94.00, 35.00, 10.00, 10.00, 49.00,176.00,206.00,199.00,122.00,102.00, 69.00,  0.00,  0.00,  0.00,  0.00, 21.00,  0.00, 52.00, 46.00,142.00, 54.00,134.00, 57.00,  0.00,  0.00,  0.00,  0.00,  0.00, 24.00, 50.00, 93.00,  0.00, 89.00, 39.00, 69.00, 54.00, 30.00,  0.00,  0.00, 11.00, 19.00,
26.500,  0.00,249.00,231.00,232.00,234.00,207.00,194.00, 93.00, 61.00, 13.00, 67.00, 50.00,209.00,216.00,216.00,216.00,199.00,167.00,119.00,100.00, 48.00,  0.00,  0.00, 10.00,145.00,206.00,209.00,184.00,198.00, 54.00,168.00, 61.00,  0.00,  0.00,  0.00,  0.00,153.00,174.00, 85.00,234.00,228.00,216.00,  3.00,  6.00, 43.00, 23.00,  0.00, 18.00,115.00,216.00,210.00,198.00,155.00, 66.00,100.00, 94.00, 35.00, 10.00, 10.00, 49.00,176.00,207.00,199.00,122.00,102.00, 69.00,  0.00,  0.00,  0.00,  0.00, 21.00,  0.00, 52.00, 46.00,142.00, 54.00,134.00, 57.00,  0.00,  0.00,  0.00,  0.00,  0.00, 24.00, 50.00, 93.00,  0.00, 89.00, 39.00, 69.00, 54.00, 30.00,  0.00,  0.00, 11.00, 19.00,
26.750,  0.00,249.00,231.00,232.00,234.00,207.00,194.00, 93.00, 61.00, 13.00, 67.00, 50.00,209.00,216.00,216.00,216.00,199.00,167.00,119.00,100.00, 48.00,  0.00,  0.00, 10.00,145.00,206.00,209.00,184.00,198.00, 54.00,168.00, 61.00,  0.00,  0.00,  0.00,  0.00,154.00,174.00, 85.00,234.00,228.00,216.00,  3.00,  6.00, 43.00, 23.00,  0.00, 18.00,115.00,216.00,210.00,198.00,156.00, 66.00,100.00, 94.00, 35.00, 10.00, 10.00, 49.00,176.00,207.00,199.00,122.00,102.00, 69.00,  0.00,  0.00,  0.00,  0.00, 21.00,  0.00, 52.00, 46.00,142.00, 54.00,134.00, 57.00,  0.00,  0.00,  0.00,  0.00,  0.00, 24.00, 50.00, 93.00,  0.00, 89.00, 39.00, 69.00, 54.00, 30.00,  0.00,  0.00, 11.00, 19.00,
27.000,  0.00,249.00,231.00,232.00,234.00,207.00,194.00, 93.00, 61.00, 13.00, 67.00, 50.00,209.00,216.00,216.00,216.00,199.00,167.00,119.00,100.00, 48.00,  0.00,  0.00, 10.00,145.00,206.00,209.00,184.00,198.00, 54.00,168.00, 61.00,  0.00,  0.00,  0.00,  0.00,157.00,174.00, 85.00,234.00,228.00,216.00,  3.00,  6.00, 43.00, 23.00,  0.00, 18.00,115.00,216.00,210.00,198.00,156.00, 66.00,100.00, 94.00, 35.00, 10.00, 10.00, 49.00,176.00,207.00,199.00,122.00,102.00, 69.00,  0.00,  0.00,  0.00,  0.00, 21.00,  0.00, 52.00, 46.00,142.00, 54.00,134.00, 57.00,  0.00,  0.00,  0.00,  0.00,  0.00, 24.00, 50.00, 93.00,  0.00, 89.00, 39.00, 69.00, 54.00, 30.00,  0.00,  0.00, 11.00, 19.00,
27.250,  0.00,249.00,231.00,232.00,234.00,207.00,194.00, 93.00, 61.00, 13.00, 67.00, 50.00,209.00,216.00,216.00,216.00,199.00,167.00,119.00,100.00, 48.00,  0.00,  0.00, 10.00,145.00,206.00,209.00,186.00,198.00, 54.00,168.00, 61.00,  0.00,  0.00,  0.00,  0.00,157.00,176.00, 85.00,235.00,228.00,216.00,  3.00,  6.00, 43.00, 23.00,  0.00, 18.00,115.00,216.00,210.00,198.00,157.00, 66.00,100.00, 94.00, 35.00, 10.00, 10.00, 49.00,176.00,207.00,199.00,122.00,102.00, 69.00,  0.00,  0.00,  0.00,  0.00, 21.00,  0.00, 52.00, 46.00,142.00, 54.00,134.00, 57.00,  0.00,  0.00,  0.00,  0.00,  0.00, 24.00, 50.00, 93.00,  0.00, 89.00, 39.00, 69.00, 54.00, 30.00,  0.00,  0.00, 11.00, 19.00,
27.500,  0.00,249.00,231.00,232.00,234.00,207.00,194.00, 93.00, 61.00, 13.00, 67.00, 50.00,209.00,216.00,216.00,216.00,199.00,167.00,119.00,100.00, 48.00,  0.00,  0.00, 10.00,145.00,206.00,209.00,188.00,198.00, 54.00,168.00, 61.00,  0.00,  0.00,  0.00,  0.00,157.00,178.00, 85.00,235.00,228.00,216.00,  3.00,  6.00, 43.00, 23.00,  0.00, 18.00,115.00,216.00,210.00,198.00,158.00, 66.00,100.00, 94.00, 35.00, 10.00, 10.00, 49.00,176.00,207.00,199.00,122.00,102.00, 69.00,  0.00,  0.00,  0.00,  0.00, 21.00,  0.00, 52.00, 46.00,142.00, 54.00,134.00, 57.00,  0.00,  0.00,  0.00,  0.00,  0.00, 24.00, 50.00, 93.00,  0.00, 89.00, 39.00, 69.00, 54.00, 30.00,  0.00,  0.00, 11.00, 19.00,
27.750,  0.00,249.00,231.00,232.00,234.00,207.00,194.00, 93.00, 61.00, 13.00, 67.00, 50.00,209.00,216.00,216.00,216.00,199.00,167.00,119.00,100.00, 48.00,  0.00,  0.00, 10.00,145.00,206.00,209.00,188.00,198.00, 54.00,168.00, 61.00,  0.00,  0.00,  0.00,  0.00,157.00,181.00, 85.00,236.00,228.00,216.00,  3.00,  6.00, 43.00, 23.00,  0.00, 18.00,115.00,216.00,210.00,198.00,159.00, 66.00,100.00, 94.00, 35.00, 10.00, 10.00, 49.00,176.00,207.00,199.00,122.00,102.00, 69.00,  0.00,  0.00,  0.00,  0.00, 21.00,  0.00, 52.00, 46.00,142.00, 54.00,134.00, 57.00,  0.00,  0.00,  0.00,  0.00,  0.00, 24.00, 50.00, 93.00,  0.00, 89.00, 39.00, 69.00, 54.00, 30.00,  6.00,  0.00, 11.00, 19.00,
28.000,  0.00,249.00,231.00,232.00,234.00,207.00,194.00, 93.00, 61.00, 14.00, 68.00, 50.00,209.00,216.00,216.00,216.00,199.00,167.00,119.00,100.00, 48.00,  0.00,  0.00, 10.00,145.00,206.00,209.00,188.00,198.00, 54.00,168.00, 61.00,  0.00,  0.00,  0.00,  0.00,158.00,181.00, 85.00,236.00,228.00,216.00,  3.00,  6.00, 43.00, 23.00,  0.00, 21.00,115.00,216.00,210.00,198.00,159.00, 66.00,100.00, 94.00, 35.00, 10.00, 10.00, 49.00,176.00,207.00,199.00,122.00,102.00, 69.00,  0.00,  0.00,  0.00,  0.00, 21.00,  0.00, 52.00, 46.00,142.00, 54.00,134.00, 57.00,  0.00,  0.00,  0.00,  0.00,  0.00, 24.00, 50.00, 93.00,  0.00, 89.00, 39.00, 69.00, 54.00, 30.00, 14.00,  0.00, 14.00, 23.00,
28.250,  0.00,249.00,231.00,232.00,234.00,207.00,194.00, 93.00, 61.00, 14.00, 68.00, 50.00,209.00,216.00,216.00,216.00,199.00,167.00,119.00,100.00, 48.00,  0.00,  0.00, 10.00,145.00,206.00,209.00,190.00,200.00, 54.00,168.00, 61.00,  0.00,  0.00,  0.00,  0.00,158.00,183.00, 85.00,236.00,228.00,216.00,  3.00,  6.00, 43.00, 23.00,  0.00, 21.00,115.00,216.00,210.00,198.00,159.00, 66.00,100.00, 94.00, 35.00, 10.00, 10.00, 49.00,176.00,208.00,199.00,122.00,102.00, 69.00,  0.00,  0.00,  0.00,  0.00, 21.00,  0.00, 52.00, 46.00,142.00, 54.00,134.00, 57.00,  0.00,  0.00,  0.00,  0.00,  0.00, 24.00, 50.00, 93.00,  0.00, 89.00, 39.00, 69.00, 54.00, 30.00, 16.00,  0.00, 14.00, 23.00,
28.500,  0.00,249.00,231.00,232.00,234.00,207.00,194.00, 93.00, 61.00, 14.00, 68.00, 50.00,209.00,216.00,216.00,216.00,199.00,167.00,119.00,100.00, 48.00,  0.00,  0.00, 10.00,145.00,206.00,209.00,190.00,200.00, 54.00,168.00, 61.00,  0.00,  0.00,  0.00,  0.00,158.00,183.00, 85.00,236.00,228.00,216.00,  3.00,  6.00, 43.00, 23.00,  0.00, 21.00,115.00,216.00,210.00,198.00,159.00, 66.00,100.00, 94.00, 35.00, 10.00, 10.00, 49.00,176.00,208.00,199.00,122.00,102.00, 69.00,  0.00,  0.00,  0.00,  0.00, 21.00,  0.00, 52.00, 46.00,142.00, 54.00,134.00, 57.00,  0.00,  0.00,  0.00,  0.00,  0.00, 24.00, 50.00, 94.00,  0.00, 89.00, 39.00, 69.00, 54.00, 30.00, 16.00,  0.00, 14.00, 23.00,
28.750,  0.00,251.00,231.00,232.00,234.00,207.00,194.00, 93.00, 61.00, 14.00, 68.00, 50.00,209.00,216.00,217.00,216.00,199.00,167.00,119.00,100.00, 48.00,  0.00,  0.00, 10.00,145.00,207.00,209.00,193.00,202.00, 54.00,168.00, 61.00,  0.00,  0.00,  0.00,  0.00,158.00,185.00, 85.00,236.00,228.00,216.00,  3.00,  6.00, 43.00, 23.00,  0.00, 21.00,115.00,216.00,210.00,198.00,160.00, 66.00,100.00, 94.00, 35.00, 10.00, 10.00, 50.00,176.00,209.00,199.00,122.00,102.00, 69.00,  0.00,  0.00,  0.00,  0.00, 21.00,  0.00, 52.00, 46.00,142.00, 54.00,134.00, 57.00,  0.00,  0.00,  0.00,  0.00,  0.00, 26.00, 50.00, 94.00,  0.00, 89.00, 39.00, 69.00, 54.00, 30.00, 18.00,  0.00, 14.00, 23.00,
29.000,  0.00,251.00,231.00,232.00,234.00,207.00,194.00, 93.00, 61.00, 16.00, 68.00, 50.00,209.00,216.00,217.00,216.00,199.00,167.00,119.00,100.00, 48.00,  0.00,  0.00, 10.00,145.00,207.00,209.00,193.00,203.00, 54.00,168.00, 61.00,  0.00,  0.00,  0.00,  0.00,158.00,185.00, 85.00,236.00,228.00,216.00,  3.00,  6.00, 43.00, 23.00,  0.00, 21.00,115.00,216.00,210.00,198.00,160.00, 66.00,100.00, 94.00, 35.00, 10.00, 10.00, 50.00,176.00,209.00,199.00,122.00,102.00, 69.00,  0.00,  0.00,  0.00,  0.00, 21.00,  0.00, 52.00, 46.00,142.00, 54.00,134.00, 57.00,  0.00,  0.00,  0.00,  0.00,  0.00, 26.00, 50.00, 94.00,  0.00, 89.00, 39.00, 69.00, 54.00, 30.00, 18.00,  0.00, 15.00, 23.00,
29.250,  0.00,251.00,231.00,232.00,234.00,207.00,194.00, 93.00, 61.00, 16.00, 68.00, 50.00,209.00,216.00,217.00,216.00,199.00,167.00,119.00,100.00, 48.00,  0.00,  0.00, 10.00,145.00,207.00,209.00,193.00,203.00, 54.00,168.00, 61.00,  0.00,  0.00,  0.00,  0.00,158.00,185.00, 85.00,236.00,228.00,216.00,  3.00,  6.00, 43.00, 23.00,  0.00, 21.00,115.00,216.00,210.00,198.00,160.00, 66.00,100.00, 94.00, 35.00, 10.00, 10.00, 50.00,176.00,209.00,199.00,122.00,102.00, 69.00,  0.00,  0.00,  0.00,  0.00, 21.00,  0.00, 52.00, 46.00,142.00, 54.00,134.00, 57.00,  0.00,  0.00,  0.00,  0.00,  0.00, 26.00, 50.00, 94.00,  0.00, 89.00, 39.00, 69.00, 54.00, 30.00, 18.00,  0.00, 15.00, 23.00,
29.500,  0.00,251.00,231.00,232.00,234.00,207.00,194.00, 93.00, 61.00, 16.00, 68.00, 50.00,209.00,216.00,217.00,216.00,199.00,167.00,119.00,100.00, 48.00,  0.00,  0.00, 10.00,145.00,207.00,209.00,193.00,203.00, 54.00,168.00, 61.00,  0.00,  0.00,  0.00,  0.00,158.00,185.00, 85.00,236.00,228.00,216.00,  3.00,  6.00, 43.00, 23.00,  0.00, 21.00,115.00,216.00,210.00,198.00,160.00, 66.00,100.00, 94.00, 35.00, 10.00, 10.00, 50.00,176.00,209.00,199.00,122.00,102.00, 69.00,  0.00,  0.00,  0.00,  0.00, 21.00,  0.00, 52.00, 46.00,142.00, 54.00,134.00, 57.00,  0.00,  0.00,  0.00,  0.00,  0.00, 26.00, 50.00, 94.00,  0.00, 89.00, 39.00, 69.00, 54.00, 30.00, 18.00,  0.00, 15.00, 23.00,
29.750,  0.00,252.00,231.00,232.00,234.00,207.00,194.00, 93.00, 61.00, 16.00, 68.00, 50.00,209.00,217.00,217.00,216.00,199.00,167.00,119.00,100.00, 48.00,  0.00,  0.00, 10.00,145.00,208.00,209.00,193.00,205.00, 54.00,168.00, 61.00,  0.00,  0.00,  0.00,  0.00,158.00,188.00, 85.00,236.00,228.00,216.00,  3.00,  6.00, 43.00, 23.00,  0.00, 21.00,115.00,216.00,210.00,198.00,160.00, 66.00,100.00, 94.00, 35.00, 10.00, 10.00, 50.00,176.00,209.00,199.00,122.00,102.00, 69.00,  0.00,  0.00,  0.00,  0.00, 21.00,  0.00, 52.00, 46.00,142.00, 54.00,134.00, 57.00,  0.00,  0.00,  0.00,  0.00,  0.00, 28.00, 50.00, 94.00,  0.00, 89.00, 39.00, 69.00, 54.00, 30.00, 18.00,  0.00, 15.00, 23.00,
30.000,  0.00,252.00,231.00,232.00,234.00,207.00,194.00, 93.00, 61.00, 16.00, 68.00, 50.00,209.00,219.00,220.00,216.00,199.00,167.00,119.00,100.00, 48.00,  0.00,  0.00, 10.00,145.00,209.00,209.00,194.00,209.00, 54.00,168.00, 61.00,  0.00,  0.00,  0.00,  0.00,158.00,193.00, 85.00,236.00,228.00,216.00,  3.00,  6.00, 43.00, 23.00,  0.00, 21.00,115.00,216.00,210.00,198.00,160.00, 66.00,100.00, 94.00, 35.00, 10.00, 10.00, 52.00,176.00,209.00,199.00,122.00,102.00, 69.00,  0.00,  0.00,  0.00,  0.00, 21.00,  0.00, 52.00, 46.00,142.00, 54.00,134.00, 57.00,  0.00,  0.00,  0.00,  0.00,  0.00, 31.00, 50.00, 94.00,  0.00, 89.00, 39.00, 69.00, 54.00, 30.00, 18.00,  0.00, 15.00, 23.00,
30.250,  0.00,252.00,231.00,232.00,234.00,207.00,194.00, 93.00, 61.00, 16.00, 68.00, 50.00,209.00,219.00,220.00,216.00,199.00,167.00,119.00,100.00, 48.00,  0.00,  0.00, 10.00,145.00,209.00,209.00,194.00,209.00, 54.00,168.00, 61.00,  0.00,  0.00,  0.00,  0.00,158.00,193.00, 85.00,236.00,228.00,216.00,  3.00,  6.00, 43.00, 23.00,  0.00, 21.00,115.00,216.00,210.00,198.00,160.00, 66.00,100.00, 94.00, 35.00, 10.00, 10.00, 52.00,176.00,209.00,199.00,122.00,102.00, 69.00,  0.00,  0.00,  0.00,  0.00, 21.00,  0.00, 52.00, 46.00,142.00, 54.00,134.00, 57.00,  0.00,  0.00,  0.00,  0.00,  0.00, 31.00, 50.00, 94.00,  0.00, 89.00, 39.00, 69.00, 54.00, 30.00, 18.00,  0.00, 15.00, 23.00,
30.500,  0.00,252.00,231.00,232.00,234.00,207.00,194.00, 93.00, 61.00, 20.00, 71.00, 50.00,209.00,219.00,220.00,216.00,199.00,167.00,119.00,100.00, 48.00,  0.00,  0.00, 11.00,145.00,210.00,210.00,194.00,209.00, 54.00,168.00, 61.00,  0.00,  0.00,  0.00,  0.00,158.00,193.00, 85.00,236.00,228.00,216.00,  3.00,  6.00, 43.00, 23.00,  0.00, 21.00,115.00,216.00,210.00,198.00,160.00, 66.00,100.00, 94.00, 35.00, 10.00, 10.00, 52.00,176.00,209.00,199.00,122.00,102.00, 69.00,  0.00,  0.00,  0.00,  0.00, 21.00,  0.00, 52.00, 46.00,142.00, 54.00,134.00, 57.00,  0.00,  0.00,  0.00,  0.00,  0.00, 31.00, 50.00, 94.00,  0.00, 89.00, 39.00, 69.00, 54.00, 30.00, 24.00,  0.00, 17.00, 24.00,
30.750,  0.00,250.00,229.00,230.00,232.00,205.00,192.00, 91.00, 59.00, 18.00, 69.00, 48.00,207.00,217.00,218.00,214.00,197.00,165.00,117.00, 98.00, 46.00,  0.00,  0.00,  9.00,143.00,208.00,208.00,192.00,207.00, 52.00,166.00, 59.00,  0.00,  0.00,  0.00,  0.00,156.00,191.00, 83.00,234.00,226.00,214.00,  1.00,  4.00, 41.00, 21.00,  0.00, 19.00,113.00,214.00,208.00,196.00,158.00, 64.00, 98.00, 92.00, 33.00,  8.00,  8.00, 50.00,174.00,207.00,197.00,120.00,100.00, 67.00,  0.00,  0.00,  0.00,  0.00, 19.00,  0.00, 50.00, 44.00,140.00, 52.00,132.00, 55.00,  0.00,  0.00,  0.00,  0.00,  0.00, 29.00, 48.00, 92.00,  0.00, 87.00, 37.00, 67.00, 52.00, 28.00, 22.00,  0.00, 15.00, 22.00,
31.000,  0.00,250.00,229.00,230.00,232.00,205.00,192.00, 91.00, 59.00, 18.00, 69.00, 48.00,207.00,217.00,218.00,214.00,197.00,165.00,117.00, 98.00, 46.00,  0.00,  0.00,  9.00,143.00,208.00,208.00,192.00,207.00, 52.00,166.00, 59.00,  0.00,  0.00,  0.00,  0.00,156.00,192.00, 83.00,234.00,226.00,214.00,  1.00,  4.00, 41.00, 21.00,  0.00, 21.00,113.00,214.00,208.00,196.00,158.00, 64.00, 98.00, 92.00, 33.00,  8.00,  8.00, 50.00,174.00,207.00,197.00,120.00,100.00, 67.00,  0.00,  0.00,  0.00,  0.00, 19.00,  0.00, 50.00, 44.00,140.00, 52.00,132.00, 55.00,  0.00,  0.00,  0.00,  0.00,  0.00, 30.00, 48.00, 92.00,  0.00, 87.00, 37.00, 67.00, 52.00, 28.00, 22.00,  0.00, 15.00, 22.00,
31.250,  0.00,250.00,229.00,230.00,232.00,205.00,192.00, 91.00, 59.00, 21.00, 69.00, 48.00,207.00,217.00,218.00,214.00,197.00,165.00,117.00, 98.00, 46.00,  0.00,  0.00,  9.00,143.00,208.00,208.00,192.00,207.00, 52.00,166.00, 59.00,  0.00,  0.00,  0.00,  0.00,156.00,192.00, 83.00,234.00,226.00,214.00,  1.00,  4.00, 41.00, 21.00,  0.00, 21.00,113.00,214.00,208.00,196.00,158.00, 64.00, 98.00, 92.00, 33.00,  8.00,  8.00, 50.00,174.00,207.00,197.00,120.00,100.00, 67.00,  0.00,  0.00,  0.00,  0.00, 19.00,  0.00, 50.00, 44.00,140.00, 52.00,132.00, 55.00,  0.00,  0.00,  0.00,  0.00,  0.00, 30.00, 49.00, 95.00,  0.00, 87.00, 37.00, 67.00, 52.00, 29.00, 22.00,  0.00, 16.00, 22.00,
31.500,  0.00,250.00,229.00,230.00,232.00,205.00,192.00, 91.00, 59.00, 21.00, 69.00, 48.00,207.00,217.00,218.00,214.00,197.00,165.00,117.00, 98.00, 46.00,  0.00,  0.00,  9.00,143.00,208.00,208.00,192.00,208.00, 52.00,166.00, 59.00,  0.00,  0.00,  0.00,  0.00,156.00,192.00, 83.00,234.00,226.00,214.00,  1.00,  4.00, 41.00, 21.00,  0.00, 21.00,113.00,214.00,208.00,196.00,158.00, 64.00, 98.00, 92.00, 33.00,  8.00,  8.00, 50.00,174.00,207.00,197.00,120.00,100.00, 67.00,  0.00,  0.00,  0.00,  0.00, 19.00,  0.00, 50.00, 44.00,140.00, 52.00,132.00, 55.00,  0.00,  0.00,  0.00,  0.00,  0.00, 32.00, 49.00, 95.00,  0.00, 87.00, 37.00, 67.00, 52.00, 29.00, 22.00,  0.00, 16.00, 22.00,
31.750,  0.00,250.00,229.00,230.00,232.00,205.00,192.00, 91.00, 59.00, 21.00, 69.00, 48.00,207.00,217.00,218.00,214.00,197.00,165.00,117.00, 98.00, 46.00,  0.00,  0.00,  9.00,143.00,208.00,208.00,192.00,208.00, 52.00,166.00, 59.00,  0.00,  0.00,  0.00,  0.00,156.00,192.00, 83.00,234.00,226.00,214.00,  1.00,  4.00, 41.00, 21.00,  0.00, 21.00,113.00,214.00,208.00,196.00,158.00, 64.00, 98.00, 92.00, 33.00,  8.00,  8.00, 50.00,174.00,207.00,197.00,120.00,100.00, 67.00,  0.00,  0.00,  0.00,  0.00, 19.00,  0.00, 50.00, 44.00,140.00, 52.00,132.00, 55.00,  0.00,  0.00,  0.00,  0.00,  0.00, 32.00, 49.00, 95.00,  0.00, 87.00, 37.00, 67.00, 52.00, 29.00, 22.00,  0.00, 16.00, 22.00,
32.000,  0.00,250.00,229.00,230.00,232.00,205.00,192.00, 91.00, 59.00, 21.00, 69.00, 48.00,207.00,217.00,218.00,214.00,197.00,165.00,117.00, 98.00, 46.00,  0.00,  0.00,  9.00,143.00,208.00,208.00,193.00,209.00, 52.00,166.00, 59.00,  0.00,  0.00,  0.00,  0.00,156.00,192.00, 83.00,234.00,226.00,214.00,  1.00,  4.00, 41.00, 21.00,  0.00, 21.00,113.00,214.00,208.00,196.00,158.00, 64.00, 98.00, 92.00, 33.00,  8.00,  8.00, 50.00,174.00,207.00,197.00,120.00,100.00, 67.00,  0.00,  0.00,  0.00,  0.00, 19.00,  0.00, 50.00, 44.00,140.00, 52.00,132.00, 55.00,  0.00,  0.00,  0.00,  0.00,  0.00, 32.00, 49.00, 95.00,  0.00, 87.00, 37.00, 67.00, 52.00, 29.00, 22.00,  0.00, 16.00, 22.00,
32.250,  0.00,250.00,229.00,230.00,232.00,205.00,192.00, 91.00, 59.00, 23.00, 72.00, 48.00,207.00,217.00,218.00,214.00,197.00,165.00,117.00, 98.00, 46.00,  0.00,  0.00, 10.00,143.00,210.00,208.00,193.00,210.00, 52.00,166.00, 59.00,  0.00,  0.00,  0.00,  0.00,156.00,192.00, 83.00,234.00,226.00,214.00,  1.00,  4.00, 41.00, 21.00,  0.00, 21.00,113.00,214.00,208.00,196.00,158.00, 64.00, 98.00, 92.00, 33.00, 10.00,  8.00, 51.00,174.00,207.00,197.00,120.00,100.00, 67.00,  0.00,  0.00,  0.00,  0.00, 19.00,  0.00, 50.00, 44.00,140.00, 52.00,132.00, 55.00,  0.00,  0.00,  0.00,  0.00,  0.00, 32.00, 49.00, 95.00,  0.00, 87.00, 37.00, 67.00, 52.00, 31.00, 22.00,  0.00, 17.00, 24.00,
32.500,  0.00,250.00,229.00,230.00,232.00,205.00,192.00, 91.00, 59.00, 23.00, 72.00, 48.00,207.00,217.00,218.00,214.00,197.00,165.00,117.00, 98.00, 46.00,  0.00,  0.00, 10.00,143.00,210.00,208.00,193.00,210.00, 52.00,166.00, 59.00,  0.00,  0.00,  0.00,  0.00,156.00,192.00, 83.00,234.00,226.00,214.00,  1.00,  4.00, 41.00, 21.00,  0.00, 21.00,113.00,214.00,208.00,196.00,158.00, 64.00, 98.00, 92.00, 33.00, 10.00,  8.00, 51.00,174.00,207.00,197.00,120.00,100.00, 67.00,  0.00,  0.00,  0.00,  0.00, 19.00,  0.00, 50.00, 44.00,140.00, 52.00,132.00, 55.00,  0.00,  0.00,  0.00,  0.00,  0.00, 32.00, 49.00, 95.00,  0.00, 87.00, 37.00, 67.00, 52.00, 31.00, 22.00,  0.00, 17.00, 24.00,
32.750,  0.00,250.00,229.00,230.00,232.00,205.00,192.00, 91.00, 59.00, 23.00, 72.00, 48.00,207.00,217.00,218.00,214.00,197.00,165.00,117.00, 98.00, 46.00,  0.00,  0.00, 10.00,143.00,210.00,208.00,193.00,210.00, 52.00,166.00, 59.00,  0.00,  0.00,  0.00,  0.00,156.00,192.00, 83.00,234.00,226.00,214.00,  1.00,  4.00, 41.00, 21.00,  0.00, 21.00,113.00,214.00,208.00,196.00,158.00, 64.00, 98.00, 92.00, 33.00, 11.00,  8.00, 51.00,174.00,207.00,197.00,120.00,100.00, 67.00,  0.00,  0.00,  0.00,  0.00, 19.00,  0.00, 50.00, 44.00,140.00, 52.00,132.00, 55.00,  0.00,  0.00,  0.00,  0.00,  0.00, 32.00, 49.00, 95.00,  0.00, 87.00, 37.00, 67.00, 52.00, 31.00, 22.00,  0.00, 17.00, 24.00,
33.000,  0.00,250.00,229.00,230.00,232.00,205.00,192.00, 91.00, 59.00, 23.00, 72.00, 48.00,207.00,217.00,219.00,214.00,197.00,165.00,117.00, 98.00, 46.00,  0.00,  0.00, 10.00,143.00,210.00,208.00,193.00,210.00, 52.00,166.00, 59.00,  0.00,  0.00,  0.00,  0.00,156.00,192.00, 83.00,234.00,226.00,214.00,  1.00,  4.00, 41.00, 21.00,  0.00, 21.00,113.00,214.00,208.00,196.00,158.00, 64.00, 98.00, 92.00, 33.00, 11.00,  8.00, 51.00,174.00,207.00,197.00,120.00,100.00, 67.00,  0.00,  0.00,  0.00,  0.00, 19.00,  0.00, 50.00, 44.00,140.00, 52.00,132.00, 55.00,  0.00,  0.00,  0.00,  0.00,  0.00, 32.00, 49.00, 95.00,  0.00, 87.00, 37.00, 67.00, 52.00, 31.00, 22.00,  0.00, 17.00, 24.00,
33.250,  0.00,250.00,229.00,230.00,232.00,205.00,192.00, 91.00, 59.00, 23.00, 72.00, 48.00,207.00,217.00,220.00,214.00,197.00,165.00,117.00, 98.00, 46.00,  0.00,  0.00, 11.00,143.00,210.00,208.00,193.00,210.00, 52.00,166.00, 59.00,  0.00,  0.00,  0.00,  0.00,156.00,192.00, 83.00,234.00,226.00,214.00,  1.00,  4.00, 41.00, 21.00,  0.00, 21.00,113.00,214.00,208.00,196.00,158.00, 64.00, 98.00, 92.00, 33.00, 11.00,  8.00, 51.00,174.00,207.00,197.00,120.00,100.00, 67.00,  0.00,  0.00,  0.00,  0.00, 19.00,  0.00, 50.00, 44.00,140.00, 52.00,132.00, 55.00,  0.00,  0.00,  0.00,  0.00,  0.00, 32.00, 49.00, 95.00,  0.00, 87.00, 37.00, 67.00, 52.00, 31.00, 22.00,  0.00, 17.00, 24.00,
33.500,  0.00,250.00,229.00,230.00,232.00,205.00,192.00, 91.00, 59.00, 23.00, 72.00, 48.00,207.00,217.00,220.00,214.00,197.00,165.00,117.00, 98.00, 46.00,  0.00,  0.00, 11.00,143.00,210.00,208.00,193.00,210.00, 52.00,166.00, 59.00,  0.00,  0.00,  0.00,  0.00,156.00,192.00, 83.00,234.00,226.00,214.00,  1.00,  4.00, 41.00, 21.00,  0.00, 21.00,113.00,214.00,208.00,196.00,158.00, 64.00, 98.00, 92.00, 33.00, 11.00,  8.00, 51.00,174.00,207.00,197.00,120.00,100.00, 67.00,  0.00,  0.00,  0.00,  0.00, 19.00,  0.00, 50.00, 44.00,140.00, 52.00,132.00, 55.00,  0.00,  0.00,  0.00,  0.00,  0.00, 32.00, 49.00, 95.00,  0.00, 87.00, 37.00, 67.00, 52.00, 31.00, 22.00,  0.00, 17.00, 24.00,
33.750,  0.00,250.00,229.00,230.00,232.00,205.00,192.00, 91.00, 59.00, 25.00, 73.00, 48.00,207.00,217.00,220.00,214.00,197.00,165.00,117.00, 98.00, 46.00,  1.00,  0.00, 11.00,143.00,210.00,208.00,193.00,210.00, 52.00,166.00, 59.00,  0.00,  0.00,  0.00,  0.00,156.00,192.00, 83.00,234.00,226.00,214.00,  1.00,  4.00, 41.00, 21.00,  0.00, 21.00,113.00,214.00,208.00,196.00,158.00, 64.00, 98.00, 92.00, 33.00, 13.00,  8.00, 51.00,174.00,207.00,197.00,120.00,100.00, 67.00,  0.00,  0.00,  0.00,  0.00, 19.00,  0.00, 50.00, 44.00,140.00, 52.00,132.00, 55.00,  0.00,  0.00,  0.00,  0.00,  0.00, 32.00, 49.00, 95.00,  0.00, 87.00, 37.00, 67.00, 52.00, 33.00, 22.00,  0.00, 17.00, 24.00,
34.000,  0.00,250.00,229.00,230.00,232.00,205.00,192.00, 91.00, 59.00, 25.00, 73.00, 48.00,207.00,217.00,220.00,214.00,197.00,165.00,117.00, 98.00, 46.00,  1.00,  0.00, 11.00,143.00,210.00,208.00,193.00,210.00, 52.00,166.00, 59.00,  0.00,  0.00,  0.00,  0.00,156.00,192.00, 83.00,234.00,226.00,214.00,  1.00,  4.00, 41.00, 21.00,  0.00, 21.00,113.00,214.00,208.00,196.00,158.00, 64.00, 98.00, 92.00, 33.00, 13.00,  8.00, 51.00,174.00,207.00,197.00,120.00,100.00, 67.00,  0.00,  0.00,  0.00,  0.00, 19.00,  0.00, 50.00, 44.00,140.00, 52.00,132.00, 55.00,  0.00,  0.00,  0.00,  0.00,  0.00, 32.00, 49.00, 95.00,  0.00, 87.00, 37.00, 67.00, 52.00, 33.00, 22.00,  0.00, 17.00, 24.00,
34.250,  0.00,250.00,229.00,230.00,232.00,205.00,192.00, 91.00, 59.00, 25.00, 73.00, 48.00,207.00,217.00,220.00,214.00,197.00,165.00,117.00, 98.00, 46.00,  1.00,  0.00, 11.00,143.00,210.00,208.00,193.00,210.00, 52.00,166.00, 59.00,  0.00,  0.00,  0.00,  0.00,156.00,192.00, 83.00,234.00,226.00,214.00,  1.00,  4.00, 41.00, 21.00,  0.00, 21.00,113.00,214.00,208.00,196.00,158.00, 64.00, 98.00, 92.00, 33.00, 13.00,  8.00, 51.00,174.00,207.00,197.00,120.00,100.00, 67.00,  0.00,  0.00,  0.00,  0.00, 19.00,  0.00, 50.00, 44.00,140.00, 52.00,132.00, 55.00,  0.00,  0.00,  0.00,  0.00,  0.00, 32.00, 49.00, 95.00,  0.00, 87.00, 37.00, 67.00, 52.00, 33.00, 22.00,  0.00, 17.00, 24.00,
34.500,  0.00,250.00,229.00,230.00,232.00,205.00,192.00, 91.00, 59.00, 27.00, 73.00, 48.00,207.00,217.00,220.00,214.00,197.00,165.00,117.00, 98.00, 46.00,  1.00,  0.00, 11.00,143.00,210.00,208.00,193.00,210.00, 52.00,166.00, 59.00,  0.00,  0.00,  0.00,  0.00,156.00,192.00, 83.00,234.00,226.00,214.00,  1.00,  4.00, 41.00, 21.00,  0.00, 21.00,113.00,214.00,208.00,196.00,158.00, 64.00, 98.00, 92.00, 33.00, 13.00,  8.00, 52.00,174.00,207.00,197.00,120.00,100.00, 67.00,  0.00,  0.00,  0.00,  0.00, 19.00,  0.00, 50.00, 44.00,140.00, 52.00,132.00, 55.00,  0.00,  0.00,  0.00,  0.00,  0.00, 32.00, 49.00, 95.00,  0.00, 87.00, 37.00, 67.00, 52.00, 33.00, 22.00,  0.00, 18.00, 24.00,
34.750,  0.00,250.00,229.00,230.00,232.00,205.00,192.00, 91.00, 59.00, 27.00, 73.00, 48.00,207.00,217.00,220.00,214.00,197.00,165.00,117.00, 98.00, 46.00,  1.00,  0.00, 11.00,143.00,210.00,208.00,193.00,210.00, 52.00,166.00, 59.00,  0.00,  0.00,  0.00,  0.00,156.00,192.00, 83.00,234.00,226.00,214.00,  1.00,  4.00, 41.00, 21.00,  0.00, 21.00,113.00,214.00,208.00,196.00,158.00, 64.00, 98.00, 92.00, 33.00, 13.00,  8.00, 52.00,174.00,207.00,197.00,120.00,100.00, 67.00,  0.00,  0.00,  0.00,  0.00, 19.00,  0.00, 50.00, 44.00,140.00, 52.00,132.00, 55.00,  0.00,  0.00,  0.00,  0.00,  0.00, 32.00, 49.00, 95.00,  0.00, 87.00, 37.00, 67.00, 52.00, 35.00, 22.00,  0.00, 18.00, 24.00,
35.000,  0.00,250.00,229.00,230.00,232.00,205.00,192.00, 91.00, 59.00, 27.00, 73.00, 48.00,207.00,217.00,220.00,214.00,197.00,165.00,117.00, 98.00, 46.00,  1.00,  0.00, 11.00,143.00,210.00,208.00,193.00,210.00, 52.00,166.00, 59.00,  0.00,  0.00,  0.00,  0.00,156.00,192.00, 83.00,234.00,226.00,214.00,  1.00,  4.00, 41.00, 21.00,  0.00, 21.00,113.00,214.00,208.00,196.00,158.00, 64.00, 98.00, 92.00, 33.00, 13.00,  8.00, 53.00,174.00,207.00,197.00,120.00,100.00, 67.00,  0.00,  0.00,  0.00,  0.00, 19.00,  0.00, 50.00, 44.00,140.00, 52.00,132.00, 55.00,  0.00,  0.00,  0.00,  0.00,  0.00, 32.00, 49.00, 95.00,  0.00, 87.00, 37.00, 67.00, 52.00, 35.00, 22.00,  0.00, 18.00, 24.00,
35.250,  0.00,250.00,229.00,230.00,232.00,205.00,192.00, 91.00, 59.00, 27.00, 73.00, 48.00,207.00,217.00,220.00,214.00,197.00,165.00,117.00, 98.00, 46.00,  1.00,  0.00, 11.00,143.00,210.00,208.00,193.00,210.00, 52.00,166.00, 59.00,  0.00,  0.00,  0.00,  0.00,156.00,192.00, 83.00,234.00,226.00,214.00,  1.00,  4.00, 41.00, 21.00,  0.00, 21.00,113.00,214.00,208.00,196.00,158.00, 64.00, 98.00, 92.00, 33.00, 13.00,  8.00, 53.00,174.00,207.00,197.00,120.00,100.00, 67.00,  0.00,  0.00,  0.00,  0.00, 19.00,  0.00, 50.00, 44.00,140.00, 52.00,132.00, 55.00,  0.00,  0.00,  0.00,  0.00,  0.00, 32.00, 49.00, 95.00,  0.00, 87.00, 37.00, 67.00, 52.00, 35.00, 22.00,  0.00, 18.00, 24.00,
35.500,  0.00,250.00,229.00,230.00,232.00,205.00,192.00, 91.00, 59.00, 27.00, 74.00, 48.00,207.00,217.00,220.00,214.00,197.00,165.00,117.00, 98.00, 46.00,  1.00,  0.00, 11.00,143.00,210.00,208.00,193.00,210.00, 52.00,166.00, 59.00,  0.00,  0.00,  0.00,  0.00,156.00,192.00, 83.00,234.00,226.00,214.00,  1.00,  4.00, 41.00, 21.00,  0.00, 22.00,113.00,214.00,208.00,196.00,158.00, 64.00, 98.00, 92.00, 33.00, 13.00,  8.00, 53.00,174.00,207.00,197.00,120.00,100.00, 67.00,  0.00,  0.00,  0.00,  0.00, 19.00,  0.00, 50.00, 44.00,140.00, 52.00,132.00, 55.00,  0.00,  0.00,  0.00,  0.00,  0.00, 32.00, 49.00, 95.00,  0.00, 87.00, 37.00, 67.00, 52.00, 35.00, 24.00,  0.00, 19.00, 24.00,
35.750,  0.00,250.00,229.00,230.00,232.00,205.00,192.00, 91.00, 59.00, 27.00, 74.00, 48.00,207.00,218.00,223.00,214.00,197.00,165.00,117.00, 98.00, 46.00,  1.00,  0.00, 11.00,143.00,210.00,208.00,193.00,210.00, 52.00,166.00, 59.00,  0.00,  0.00,  0.00,  0.00,156.00,195.00, 83.00,234.00,226.00,214.00,  1.00,  4.00, 41.00, 21.00,  0.00, 22.00,113.00,214.00,208.00,196.00,158.00, 64.00, 98.00, 92.00, 33.00, 13.00,  8.00, 53.00,174.00,207.00,197.00,120.00,100.00, 67.00,  0.00,  0.00,  0.00,  0.00, 19.00,  0.00, 50.00, 44.00,140.00, 52.00,132.00, 55.00,  0.00,  0.00,  0.00,  0.00,  0.00, 37.00, 49.00, 95.00,  0.00, 87.00, 37.00, 67.00, 52.00, 35.00, 24.00,  0.00, 19.00, 24.00,
36.000,  0.00,250.00,229.00,230.00,232.00,205.00,192.00, 91.00, 59.00, 27.00, 74.00, 48.00,207.00,218.00,223.00,214.00,197.00,165.00,117.00, 98.00, 46.00,  1.00,  0.00, 11.00,143.00,210.00,208.00,193.00,210.00, 52.00,166.00, 59.00,  0.00,  0.00,  0.00,  0.00,156.00,195.00, 83.00,234.00,226.00,214.00,  1.00,  4.00, 41.00, 21.00,  0.00, 22.00,113.00,214.00,208.00,196.00,158.00, 64.00, 98.00, 92.00, 33.00, 13.00,  8.00, 53.00,174.00,207.00,197.00,120.00,100.00, 67.00,  0.00,  0.00,  0.00,  0.00, 19.00,  0.00, 50.00, 44.00,140.00, 52.00,132.00, 55.00,  0.00,  0.00,  0.00,  0.00,  0.00, 37.00, 49.00, 95.00,  0.00, 87.00, 37.00, 67.00, 52.00, 35.00, 24.00,  0.00, 19.00, 24.00,
36.250,  0.00,250.00,229.00,230.00,232.00,205.00,192.00, 91.00, 59.00, 27.00, 74.00, 48.00,207.00,219.00,223.00,214.00,197.00,165.00,117.00, 98.00, 46.00,  1.00,  0.00, 11.00,143.00,210.00,208.00,193.00,210.00, 52.00,166.00, 59.00,  0.00,  0.00,  0.00,  0.00,156.00,195.00, 83.00,234.00,226.00,214.00,  1.00,  4.00, 41.00, 21.00,  0.00, 22.00,113.00,214.00,208.00,196.00,158.00, 64.00, 98.00, 92.00, 33.00, 13.00,  8.00, 53.00,174.00,207.00,197.00,120.00,100.00, 67.00,  0.00,  0.00,  0.00,  0.00, 19.00,  0.00, 50.00, 44.00,140.00, 52.00,132.00, 55.00,  0.00,  0.00,  0.00,  0.00,  0.00, 37.00, 49.00, 95.00,  0.00, 87.00, 37.00, 67.00, 52.00, 35.00, 24.00,  0.00, 19.00, 24.00,
36.500,  0.00,250.00,229.00,230.00,232.00,205.00,192.00, 91.00, 59.00, 27.00, 74.00, 48.00,207.00,222.00,223.00,214.00,197.00,165.00,117.00, 98.00, 46.00,  1.00,  0.00, 11.00,143.00,210.00,208.00,193.00,210.00, 52.00,166.00, 59.00,  0.00,  0.00,  0.00,  0.00,156.00,195.00, 83.00,234.00,226.00,214.00,  1.00,  4.00, 41.00, 21.00,  0.00, 22.00,113.00,214.00,208.00,196.00,158.00, 64.00, 98.00, 92.00, 33.00, 13.00,  8.00, 53.00,174.00,207.00,197.00,120.00,100.00, 67.00,  0.00,  0.00,  0.00,  0.00, 19.00,  0.00, 50.00, 44.00,140.00, 52.00,132.00, 55.00,  0.00,  0.00,  0.00,  0.00,  0.00, 37.00, 49.00, 95.00,  0.00, 87.00, 37.00, 67.00, 52.00, 35.00, 24.00,  0.00, 19.00, 24.00,
36.750,  0.00,250.00,229.00,230.00,232.00,205.00,192.00, 91.00, 59.00, 27.00, 74.00, 48.00,207.00,222.00,223.00,214.00,197.00,165.00,117.00, 98.00, 46.00,  1.00,  0.00, 11.00,143.00,210.00,208.00,193.00,210.00, 52.00,166.00, 59.00,  0.00,  0.00,  0.00,  0.00,156.00,195.00, 83.00,234.00,226.00,214.00,  1.00,  4.00, 41.00, 21.00,  0.00, 22.00,113.00,214.00,208.00,196.00,158.00, 64.00, 98.00, 92.00, 33.00, 13.00,  8.00, 55.00,174.00,207.00,197.00,120.00,100.00, 67.00,  0.00,  0.00,  0.00,  0.00, 19.00,  0.00, 50.00, 44.00,140.00, 52.00,132.00, 55.00,  0.00,  0.00,  0.00,  0.00,  0.00, 37.00, 49.00, 95.00,  0.00, 87.00, 37.00, 67.00, 52.00, 36.00, 24.00,  0.00, 19.00, 24.00,
37.000,  0.00,250.00,229.00,230.00,232.00,205.00,192.00, 91.00, 59.00, 27.00, 74.00, 48.00,207.00,222.00,223.00,214.00,197.00,165.00,117.00, 98.00, 46.00,  1.00,  0.00, 11.00,143.00,210.00,208.00,193.00,210.00, 52.00,166.00, 59.00,  0.00,  0.00,  0.00,  0.00,156.00,195.00, 83.00,234.00,226.00,214.00,  1.00,  4.00, 41.00, 21.00,  0.00, 22.00,113.00,214.00,208.00,196.00,158.00, 64.00, 98.00, 92.00, 33.00, 13.00,  8.00, 55.00,174.00,207.00,197.00,120.00,100.00, 67.00,  0.00,  0.00,  0.00,  0.00, 19.00,  0.00, 50.00, 44.00,140.00, 52.00,132.00, 55.00,  0.00,  0.00,  0.00,  0.00,  0.00, 37.00, 49.00, 95.00,  0.00, 87.00, 37.00, 67.00, 52.00, 36.00, 24.00,  0.00, 19.00, 24.00,
37.250,  0.00,250.00,229.00,230.00,232.00,205.00,192.00, 91.00, 59.00, 27.00, 74.00, 48.00,207.00,222.00,223.00,214.00,197.00,165.00,117.00, 98.00, 46.00,  1.00,  0.00, 11.00,143.00,210.00,208.00,193.00,210.00, 52.00,166.00, 59.00,  0.00,  0.00,  0.00,  0.00,156.00,195.00, 83.00,234.00,226.00,214.00,  1.00,  4.00, 41.00, 21.00,  0.00, 22.00,113.00,214.00,208.00,196.00,158.00, 64.00, 98.00, 92.00, 33.00, 13.00,  8.00, 55.00,174.00,207.00,197.00,120.00,100.00, 67.00,  0.00,  0.00,  0.00,  0.00, 19.00,  0.00, 50.00, 44.00,140.00, 52.00,132.00, 55.00,  0.00,  0.00,  0.00,  0.00,  0.00, 37.00, 49.00, 95.00,  0.00, 87.00, 37.00, 67.00, 52.00, 36.00, 24.00,  0.00, 19.00, 24.00,
37.500,  0.00,250.00,229.00,230.00,232.00,205.00,192.00, 91.00, 59.00, 27.00, 74.00, 48.00,207.00,222.00,223.00,214.00,197.00,165.00,117.00, 98.00, 46.00,  1.00,  0.00, 11.00,143.00,210.00,208.00,193.00,210.00, 52.00,166.00, 59.00,  0.00,  0.00,  0.00,  0.00,156.00,195.00, 83.00,234.00,226.00,214.00,  1.00,  4.00, 41.00, 21.00,  0.00, 22.00,113.00,214.00,208.00,196.00,158.00, 64.00, 98.00, 92.00, 33.00, 13.00,  8.00, 55.00,174.00,207.00,197.00,120.00,100.00, 67.00,  0.00,  0.00,  0.00,  0.00, 19.00,  0.00, 50.00, 44.00,140.00, 52.00,132.00, 55.00,  0.00,  0.00,  0.00,  0.00,  0.00, 37.00, 49.00, 95.00,  0.00, 87.00, 37.00, 67.00, 52.00, 36.00, 24.00,  0.00, 19.00, 24.00,
37.750,  0.00,250.00,229.00,230.00,232.00,205.00,192.00, 91.00, 59.00, 29.00, 77.00, 48.00,207.00,222.00,223.00,214.00,197.00,165.00,117.00, 98.00, 46.00,  2.00,  0.00, 12.00,143.00,210.00,208.00,193.00,210.00, 52.00,166.00, 59.00,  0.00,  0.00,  0.00,  0.00,156.00,195.00, 83.00,234.00,226.00,214.00,  1.00,  4.00, 41.00, 21.00,  0.00, 22.00,113.00,214.00,208.00,196.00,158.00, 64.00, 98.00, 92.00, 33.00, 15.00,  8.00, 55.00,174.00,207.00,197.00,120.00,100.00, 67.00,  0.00,  0.00,  0.00,  0.00, 19.00,  0.00, 50.00, 44.00,140.00, 52.00,132.00, 55.00,  0.00,  0.00,  0.00,  0.00,  0.00, 37.00, 49.00, 95.00,  0.00, 87.00, 37.00, 67.00, 52.00, 41.00, 24.00,  0.00, 20.00, 24.00,
38.000,  0.00,250.00,229.00,230.00,232.00,205.00,192.00, 91.00, 59.00, 29.00, 77.00, 48.00,207.00,222.00,223.00,214.00,197.00,165.00,117.00, 98.00, 46.00,  2.00,  0.00, 12.00,143.00,210.00,208.00,193.00,210.00, 52.00,166.00, 59.00,  0.00,  0.00,  0.00,  0.00,156.00,195.00, 83.00,234.00,226.00,214.00,  1.00,  4.00, 41.00, 21.00,  0.00, 22.00,113.00,214.00,208.00,196.00,158.00, 64.00, 98.00, 92.00, 33.00, 15.00,  8.00, 55.00,174.00,207.00,197.00,120.00,100.00, 67.00,  0.00,  0.00,  0.00,  0.00, 19.00,  0.00, 50.00, 44.00,140.00, 52.00,132.00, 55.00,  0.00,  0.00,  0.00,  0.00,  0.00, 37.00, 49.00, 95.00,  0.00, 87.00, 37.00, 67.00, 52.00, 41.00, 24.00,  0.00, 20.00, 24.00,
38.250,  0.00,250.00,229.00,230.00,232.00,205.00,192.00, 91.00, 59.00, 29.00, 77.00, 48.00,207.00,222.00,223.00,214.00,197.00,165.00,117.00, 98.00, 46.00,  2.00,  0.00, 12.00,143.00,210.00,208.00,193.00,210.00, 52.00,166.00, 59.00,  0.00,  0.00,  0.00,  0.00,156.00,195.00, 83.00,234.00,226.00,214.00,  1.00,  4.00, 41.00, 21.00,  0.00, 22.00,113.00,214.00,208.00,196.00,158.00, 64.00, 98.00, 92.00, 33.00, 15.00,  8.00, 55.00,174.00,207.00,197.00,120.00,100.00, 67.00,  0.00,  0.00,  0.00,  0.00, 19.00,  0.00, 50.00, 44.00,140.00, 52.00,132.00, 55.00,  0.00,  0.00,  0.00,  0.00,  0.00, 39.00, 49.00, 95.00,  0.00, 87.00, 37.00, 67.00, 52.00, 41.00, 24.00,  0.00, 20.00, 24.00,
38.500,  0.00,250.00,229.00,230.00,232.00,205.00,192.00, 91.00, 59.00, 29.00, 77.00, 48.00,207.00,222.00,223.00,214.00,197.00,165.00,117.00, 98.00, 46.00,  2.00,  0.00, 12.00,143.00,210.00,208.00,193.00,210.00, 52.00,166.00, 59.00,  0.00,  0.00,  0.00,  0.00,156.00,195.00, 83.00,234.00,226.00,214.00,  1.00,  4.00, 41.00, 21.00,  0.00, 22.00,113.00,214.00,208.00,196.00,158.00, 64.00, 98.00, 92.00, 33.00, 15.00,  8.00, 55.00,174.00,207.00,197.00,120.00,100.00, 67.00,  0.00,  0.00,  0.00,  0.00, 19.00,  0.00, 50.00, 44.00,140.00, 52.00,132.00, 55.00,  0.00,  0.00,  0.00,  0.00,  0.00, 39.00, 49.00, 95.00,  0.00, 87.00, 37.00, 67.00, 52.00, 41.00, 24.00,  0.00, 20.00, 24.00,
38.750,  0.00,250.00,229.00,230.00,232.00,205.00,192.00, 91.00, 59.00, 29.00, 77.00, 48.00,207.00,225.00,225.00,214.00,197.00,165.00,117.00, 98.00, 46.00,  5.00,  1.00, 12.00,143.00,210.00,208.00,193.00,210.00, 52.00,166.00, 59.00,  0.00,  0.00,  0.00,  0.00,156.00,195.00, 83.00,234.00,226.00,214.00,  1.00,  4.00, 41.00, 21.00,  0.00, 23.00,113.00,214.00,208.00,196.00,158.00, 64.00, 98.00, 92.00, 33.00, 15.00,  8.00, 55.00,174.00,207.00,197.00,120.00,100.00, 67.00,  0.00,  0.00,  0.00,  0.00, 19.00,  0.00, 50.00, 44.00,140.00, 52.00,132.00, 55.00,  0.00,  0.00,  0.00,  0.00,  0.00, 41.00, 49.00, 95.00,  0.00, 87.00, 37.00, 67.00, 52.00, 41.00, 24.00,  0.00, 20.00, 24.00,
39.000,  0.00,250.00,229.00,230.00,232.00,205.00,192.00, 91.00, 59.00, 31.00, 81.00, 48.00,207.00,225.00,225.00,214.00,197.00,165.00,117.00, 98.00, 46.00,  5.00,  1.00, 16.00,143.00,210.00,208.00,193.00,210.00, 52.00,166.00, 59.00,  0.00,  0.00,  0.00,  0.00,156.00,195.00, 83.00,234.00,226.00,214.00,  1.00,  4.00, 41.00, 21.00,  0.00, 25.00,113.00,214.00,208.00,196.00,158.00, 64.00, 98.00, 92.00, 33.00, 18.00,  8.00, 56.00,174.00,207.00,197.00,120.00,100.00, 67.00,  0.00,  0.00,  0.00,  0.00, 19.00,  0.00, 50.00, 44.00,140.00, 52.00,132.00, 55.00,  0.00,  0.00,  0.00,  0.00,  0.00, 41.00, 49.00, 95.00,  0.00, 87.00, 37.00, 67.00, 52.00, 46.00, 26.00,  0.00, 22.00, 25.00,
39.250,  0.00,250.00,229.00,230.00,232.00,205.00,192.00, 91.00, 59.00, 31.00, 81.00, 48.00,207.00,225.00,225.00,214.00,197.00,165.00,117.00, 98.00, 46.00,  5.00,  1.00, 16.00,143.00,210.00,208.00,193.00,210.00, 52.00,166.00, 59.00,  0.00,  0.00,  0.00,  0.00,156.00,195.00, 83.00,234.00,226.00,214.00,  1.00,  4.00, 41.00, 21.00,  0.00, 25.00,113.00,214.00,208.00,196.00,158.00, 64.00, 98.00, 92.00, 33.00, 18.00,  8.00, 56.00,174.00,207.00,197.00,120.00,100.00, 67.00,  0.00,  0.00,  0.00,  0.00, 19.00,  0.00, 50.00, 44.00,140.00, 52.00,132.00, 55.00,  0.00,  0.00,  0.00,  0.00,  0.00, 41.00, 49.00, 95.00,  0.00, 87.00, 37.00, 67.00, 52.00, 46.00, 26.00,  0.00, 22.00, 25.00,
39.500,  0.00,250.00,229.00,230.00,232.00,205.00,192.00, 91.00, 59.00, 31.00, 81.00, 48.00,207.00,225.00,225.00,214.00,197.00,165.00,117.00, 98.00, 46.00,  5.00,  1.00, 16.00,143.00,210.00,208.00,193.00,210.00, 52.00,166.00, 59.00,  0.00,  0.00,  0.00,  0.00,156.00,195.00, 83.00,234.00,226.00,214.00,  1.00,  4.00, 41.00, 21.00,  0.00, 25.00,113.00,214.00,208.00,196.00,158.00, 64.00, 98.00, 92.00, 33.00, 18.00,  8.00, 56.00,174.00,207.00,197.00,120.00,100.00, 67.00,  0.00,  0.00,  0.00,  0.00, 19.00,  0.00, 50.00, 44.00,140.00, 52.00,132.00, 55.00,  0.00,  0.00,  0.00,  0.00,  0.00, 41.00, 49.00, 95.00,  0.00, 87.00, 37.00, 67.00, 52.00, 46.00, 26.00,  0.00, 22.00, 25.00,
39.750,  0.00,250.00,229.00,230.00,232.00,205.00,192.00, 91.00, 59.00, 31.00, 81.00, 48.00,207.00,225.00,225.00,214.00,197.00,165.00,117.00, 98.00, 46.00,  5.00,  1.00, 16.00,143.00,210.00,208.00,193.00,210.00, 52.00,166.00, 59.00,  0.00,  0.00,  0.00,  0.00,156.00,195.00, 83.00,234.00,226.00,214.00,  1.00,  4.00, 41.00, 21.00,  0.00, 26.00,113.00,214.00,208.00,196.00,158.00, 64.00, 98.00, 92.00, 33.00, 18.00,  8.00, 58.00,174.00,207.00,197.00,120.00,100.00, 67.00,  0.00,  0.00,  0.00,  0.00, 19.00,  0.00, 50.00, 44.00,140.00, 52.00,132.00, 55.00,  0.00,  0.00,  0.00,  0.00,  0.00, 42.00, 49.00, 95.00,  0.00, 87.00, 37.00, 67.00, 52.00, 46.00, 31.00,  0.00, 22.00, 28.00,
40.000,  0.00,250.00,229.00,230.00,232.00,205.00,192.00, 91.00, 59.00, 31.00, 81.00, 48.00,207.00,225.00,225.00,214.00,197.00,165.00,117.00, 98.00, 46.00,  5.00,  1.00, 16.00,143.00,210.00,208.00,193.00,210.00, 52.00,166.00, 59.00,  0.00,  0.00,  0.00,  0.00,156.00,195.00, 83.00,234.00,226.00,214.00,  1.00,  4.00, 41.00, 21.00,  0.00, 26.00,113.00,214.00,208.00,196.00,158.00, 64.00, 98.00, 92.00, 33.00, 18.00,  8.00, 58.00,174.00,207.00,197.00,120.00,100.00, 67.00,  0.00,  0.00,  0.00,  0.00, 19.00,  0.00, 50.00, 44.00,140.00, 52.00,132.00, 55.00,  0.00,  0.00,  0.00,  0.00,  0.00, 42.00, 49.00, 95.00,  0.00, 87.00, 37.00, 67.00, 52.00, 46.00, 31.00,  0.00, 22.00, 28.00,
40.250,  0.00,250.00,229.00,230.00,232.00,205.00,192.00, 91.00, 59.00, 32.00, 81.00, 48.00,207.00,225.00,225.00,214.00,197.00,165.00,117.00, 98.00, 46.00,  5.00,  1.00, 17.00,143.00,210.00,208.00,193.00,210.00, 52.00,166.00, 59.00,  0.00,  0.00,  0.00,  0.00,156.00,195.00, 83.00,234.00,226.00,214.00,  1.00,  4.00, 41.00, 21.00,  0.00, 26.00,113.00,214.00,208.00,196.00,158.00, 64.00, 98.00, 92.00, 33.00, 18.00,  8.00, 58.00,174.00,207.00,197.00,120.00,100.00, 67.00,  0.00,  0.00,  0.00,  0.00, 19.00,  0.00, 50.00, 44.00,140.00, 52.00,132.00, 55.00,  0.00,  0.00,  0.00,  0.00,  0.00, 42.00, 49.00, 95.00,  0.00, 87.00, 37.00, 67.00, 52.00, 46.00, 31.00,  0.00, 22.00, 28.00,
40.500,  0.00,250.00,229.00,230.00,232.00,205.00,192.00, 91.00, 59.00, 32.00, 81.00, 48.00,207.00,225.00,225.00,214.00,197.00,165.00,117.00, 98.00, 46.00,  5.00,  1.00, 17.00,143.00,210.00,208.00,193.00,210.00, 52.00,166.00, 59.00,  0.00,  0.00,  0.00,  0.00,156.00,195.00, 83.00,234.00,226.00,214.00,  1.00,  4.00, 41.00, 21.00,  0.00, 26.00,113.00,214.00,208.00,196.00,158.00, 64.00, 98.00, 92.00, 33.00, 18.00,  8.00, 58.00,174.00,207.00,197.00,120.00,100.00, 67.00,  0.00,  0.00,  0.00,  0.00, 19.00,  0.00, 50.00, 44.00,140.00, 52.00,132.00, 55.00,  0.00,  0.00,  0.00,  0.00,  0.00, 42.00, 49.00, 95.00,  0.00, 87.00, 37.00, 67.00, 52.00, 46.00, 31.00,  0.00, 22.00, 28.00,
40.750,  0.00,250.00,229.00,230.00,232.00,205.00,192.00, 91.00, 59.00, 32.00, 81.00, 48.00,207.00,225.00,225.00,214.00,197.00,165.00,117.00, 98.00, 46.00,  5.00,  1.00, 17.00,143.00,210.00,208.00,193.00,210.00, 52.00,166.00, 59.00,  0.00,  0.00,  0.00,  0.00,156.00,195.00, 83.00,234.00,226.00,214.00,  1.00,  4.00, 41.00, 21.00,  0.00, 26.00,113.00,214.00,208.00,196.00,158.00, 64.00, 98.00, 92.00, 33.00, 18.00,  8.00, 58.00,174.00,207.00,197.00,120.00,100.00, 67.00,  0.00,  0.00,  0.00,  0.00, 19.00,  0.00, 50.00, 44.00,140.00, 52.00,132.00, 55.00,  0.00,  0.00,  0.00,  0.00,  0.00, 42.00, 49.00, 95.00,  0.00, 87.00, 37.00, 67.00, 52.00, 46.00, 31.00,  0.00, 22.00, 28.00,
41.000,  0.00,250.00,229.00,230.00,232.00,205.00,192.00, 91.00, 59.00, 32.00, 81.00, 48.00,207.00,225.00,225.00,214.00,197.00,165.00,117.00, 98.00, 46.00,  5.00,  1.00, 17.00,143.00,210.00,208.00,193.00,210.00, 52.00,166.00, 59.00,  0.00,  0.00,  0.00,  0.00,156.00,195.00, 83.00,234.00,226.00,214.00,  1.00,  4.00, 41.00, 21.00,  0.00, 26.00,113.00,214.00,208.00,196.00,158.00, 64.00, 98.00, 92.00, 33.00, 18.00,  8.00, 58.00,174.00,207.00,197.00,120.00,100.00, 67.00,  0.00,  0.00,  0.00,  0.00, 19.00,  0.00, 50.00, 44.00,140.00, 52.00,132.00, 55.00,  0.00,  0.00,  0.00,  0.00,  0.00, 42.00, 49.00, 95.00,  0.00, 87.00, 37.00, 67.00, 52.00, 46.00, 31.00,  0.00, 22.00, 28.00,
41.250,  0.00,250.00,229.00,230.00,232.00,205.00,192.00, 91.00, 59.00, 32.00, 81.00, 48.00,207.00,225.00,225.00,214.00,197.00,165.00,117.00, 98.00, 46.00,  5.00,  1.00, 17.00,143.00,210.00,208.00,193.00,210.00, 52.00,166.00, 59.00,  0.00,  0.00,  0.00,  0.00,156.00,195.00, 83.00,234.00,226.00,214.00,  1.00,  4.00, 41.00, 21.00,  0.00, 26.00,113.00,214.00,208.00,196.00,158.00, 64.00, 98.00, 92.00, 33.00, 18.00,  8.00, 60.00,174.00,207.00,197.00,120.00,100.00, 67.00,  0.00,  0.00,  0.00,  0.00, 19.00,  0.00, 50.00, 44.00,140.00, 52.00,132.00, 55.00,  0.00,  0.00,  0.00,  0.00,  0.00, 42.00, 49.00, 95.00,  0.00, 87.00, 37.00, 67.00, 52.00, 46.00, 31.00,  0.00, 22.00, 28.00,
41.500,  0.00,250.00,229.00,230.00,232.00,205.00,192.00, 91.00, 59.00, 32.00, 84.00, 48.00,207.00,225.00,225.00,214.00,197.00,165.00,117.00, 98.00, 46.00,  5.00,  2.00, 18.00,143.00,210.00,208.00,193.00,210.00, 52.00,166.00, 59.00,  0.00,  0.00,  0.00,  0.00,156.00,195.00, 83.00,234.00,226.00,214.00,  1.00,  4.00, 41.00, 21.00,  0.00, 26.00,113.00,214.00,208.00,196.00,158.00, 64.00, 98.00, 92.00, 33.00, 20.00,  8.00, 60.00,174.00,207.00,197.00,120.00,100.00, 67.00,  0.00,  0.00,  0.00,  0.00, 19.00,  0.00, 50.00, 44.00,140.00, 52.00,132.00, 55.00,  0.00,  0.00,  0.00,  0.00,  0.00, 42.00, 49.00, 95.00,  0.00, 87.00, 37.00, 67.00, 52.00, 46.00, 31.00,  0.00, 22.00, 28.00,
41.750,  0.00,250.00,229.00,230.00,232.00,205.00,192.00, 91.00, 59.00, 32.00, 84.00, 48.00,207.00,225.00,225.00,214.00,197.00,165.00,117.00, 98.00, 46.00,  5.00,  2.00, 18.00,143.00,210.00,208.00,193.00,210.00, 52.00,166.00, 59.00,  0.00,  0.00,  0.00,  0.00,156.00,195.00, 83.00,234.00,226.00,214.00,  1.00,  4.00, 41.00, 21.00,  0.00, 26.00,113.00,214.00,208.00,196.00,158.00, 64.00, 98.00, 92.00, 33.00, 20.00,  8.00, 60.00,174.00,207.00,197.00,120.00,100.00, 67.00,  0.00,  0.00,  0.00,  0.00, 19.00,  0.00, 50.00, 44.00,140.00, 52.00,132.00, 55.00,  0.00,  0.00,  0.00,  0.00,  0.00, 42.00, 49.00, 95.00,  0.00, 87.00, 37.00, 67.00, 52.00, 46.00, 31.00,  0.00, 22.00, 28.00,
42.000,  0.00,250.00,229.00,230.00,232.00,205.00,192.00, 91.00, 59.00, 32.00, 84.00, 48.00,207.00,225.00,225.00,214.00,197.00,165.00,117.00, 98.00, 46.00,  5.00,  2.00, 18.00,143.00,210.00,208.00,193.00,210.00, 52.00,166.00, 59.00,  0.00,  0.00,  0.00,  0.00,156.00,195.00, 83.00,234.00,226.00,214.00,  1.00,  4.00, 41.00, 21.00,  0.00, 26.00,113.00,214.00,208.00,196.00,158.00, 64.00, 98.00, 92.00, 33.00, 20.00,  8.00, 60.00,174.00,207.00,197.00,120.00,100.00, 67.00,  0.00,  0.00,  0.00,  0.00, 19.00,  0.00, 50.00, 44.00,140.00, 52.00,132.00, 55.00,  0.00,  0.00,  0.00,  0.00,  0.00, 42.00, 49.00, 95.00,  0.00, 87.00, 37.00, 67.00, 52.00, 46.00, 31.00,  0.00, 22.00, 28.00,
42.250,  0.00,250.00,229.00,230.00,232.00,205.00,192.00, 91.00, 59.00, 32.00, 84.00, 48.00,207.00,225.00,225.00,214.00,197.00,165.00,117.00, 98.00, 46.00,  5.00,  2.00, 18.00,143.00,210.00,208.00,193.00,210.00, 52.00,166.00, 59.00,  0.00,  0.00,  0.00,  0.00,156.00,195.00, 83.00,234.00,226.00,214.00,  1.00,  4.00, 41.00, 21.00,  0.00, 26.00,113.00,214.00,208.00,196.00,158.00, 64.00, 98.00, 92.00, 33.00, 20.00,  8.00, 60.00,174.00,207.00,197.00,120.00,100.00, 67.00,  0.00,  0.00,  0.00,  0.00, 19.00,  0.00, 50.00, 44.00,140.00, 52.00,132.00, 55.00,  0.00,  0.00,  0.00,  0.00,  0.00, 42.00, 49.00, 95.00,  0.00, 87.00, 37.00, 67.00, 52.00, 46.00, 31.00,  0.00, 22.00, 28.00,
42.500,  0.00,250.00,229.00,230.00,232.00,205.00,192.00, 91.00, 59.00, 34.00, 84.00, 48.00,207.00,225.00,225.00,214.00,197.00,165.00,117.00, 98.00, 46.00,  5.00,  2.00, 18.00,143.00,210.00,208.00,193.00,210.00, 52.00,166.00, 59.00,  0.00,  0.00,  0.00,  0.00,156.00,195.00, 83.00,234.00,226.00,214.00,  1.00,  4.00, 41.00, 21.00,  0.00, 26.00,113.00,214.00,208.00,196.00,158.00, 64.00, 98.00, 92.00, 33.00, 20.00,  8.00, 60.00,174.00,207.00,197.00,120.00,100.00, 67.00,  0.00,  0.00,  0.00,  0.00, 19.00,  0.00, 50.00, 44.00,140.00, 52.00,132.00, 55.00,  0.00,  0.00,  0.00,  0.00,  0.00, 42.00, 49.00, 95.00,  0.00, 87.00, 37.00, 67.00, 52.00, 46.00, 31.00,  0.00, 22.00, 28.00,
42.750,  0.00,250.00,229.00,230.00,232.00,205.00,192.00, 91.00, 59.00, 34.00, 84.00, 48.00,207.00,225.00,225.00,214.00,197.00,165.00,117.00, 98.00, 46.00,  5.00,  2.00, 18.00,143.00,210.00,208.00,193.00,210.00, 52.00,166.00, 59.00,  0.00,  0.00,  0.00,  0.00,156.00,195.00, 83.00,234.00,226.00,214.00,  1.00,  4.00, 41.00, 21.00,  0.00, 26.00,113.00,214.00,208.00,196.00,158.00, 64.00, 98.00, 92.00, 33.00, 20.00,  8.00, 60.00,174.00,207.00,197.00,120.00,100.00, 67.00,  0.00,  0.00,  0.00,  0.00, 19.00,  0.00, 50.00, 44.00,140.00, 52.00,132.00, 55.00,  0.00,  0.00,  0.00,  0.00,  0.00, 42.00, 49.00, 95.00,  0.00, 87.00, 37.00, 67.00, 52.00, 46.00, 31.00,  0.00, 22.00, 28.00,
43.000,  0.00,250.00,229.00,230.00,232.00,205.00,192.00, 91.00, 59.00, 34.00, 84.00, 48.00,207.00,225.00,225.00,214.00,197.00,165.00,117.00, 98.00, 46.00,  5.00,  2.00, 18.00,143.00,210.00,208.00,193.00,210.00, 52.00,166.00, 59.00,  0.00,  0.00,  0.00,  0.00,156.00,195.00, 83.00,234.00,226.00,214.00,  1.00,  4.00, 41.00, 21.00,  0.00, 26.00,113.00,214.00,208.00,196.00,158.00, 64.00, 98.00, 92.00, 33.00, 20.00,  8.00, 60.00,174.00,207.00,197.00,120.00,100.00, 67.00,  0.00,  0.00,  0.00,  0.00, 19.00,  0.00, 50.00, 44.00,140.00, 52.00,132.00, 55.00,  0.00,  0.00,  0.00,  0.00,  0.00, 42.00, 49.00, 95.00,  0.00, 87.00, 37.00, 67.00, 52.00, 46.00, 31.00,  0.00, 22.00, 28.00,
43.250,  0.00,250.00,229.00,230.00,232.00,205.00,192.00, 91.00, 59.00, 34.00, 84.00, 48.00,207.00,225.00,225.00,214.00,197.00,165.00,117.00, 98.00, 46.00,  5.00,  3.00, 18.00,143.00,210.00,208.00,193.00,210.00, 52.00,166.00, 59.00,  0.00,  0.00,  0.00,  0.00,156.00,195.00, 83.00,234.00,226.00,214.00,  1.00,  4.00, 41.00, 21.00,  0.00, 27.00,113.00,214.00,208.00,196.00,158.00, 64.00, 98.00, 92.00, 33.00, 20.00,  8.00, 60.00,174.00,207.00,197.00,120.00,100.00, 67.00,  0.00,  0.00,  0.00,  0.00, 19.00,  0.00, 50.00, 44.00,140.00, 52.00,132.00, 55.00,  0.00,  0.00,  0.00,  0.00,  0.00, 42.00, 49.00, 95.00,  0.00, 87.00, 37.00, 67.00, 52.00, 46.00, 31.00,  0.00, 23.00, 28.00,
43.500,  0.00,250.00,229.00,230.00,232.00,205.00,192.00, 91.00, 59.00, 34.00, 84.00, 49.00,207.00,225.00,225.00,214.00,197.00,165.00,117.00, 98.00, 46.00,  5.00,  3.00, 18.00,143.00,210.00,208.00,193.00,210.00, 52.00,166.00, 59.00,  0.00,  0.00,  0.00,  0.00,156.00,195.00, 83.00,234.00,226.00,214.00,  1.00,  4.00, 41.00, 21.00,  0.00, 27.00,113.00,214.00,208.00,196.00,158.00, 64.00, 98.00, 92.00, 33.00, 20.00,  8.00, 60.00,174.00,207.00,197.00,120.00,100.00, 67.00,  0.00,  0.00,  0.00,  0.00, 19.00,  0.00, 50.00, 44.00,140.00, 52.00,132.00, 55.00,  0.00,  0.00,  0.00,  0.00,  0.00, 42.00, 49.00, 95.00,  0.00, 87.00, 37.00, 67.00, 52.00, 46.00, 31.00,  0.00, 23.00, 28.00,
43.750,  0.00,250.00,229.00,230.00,232.00,205.00,192.00, 91.00, 59.00, 34.00, 84.00, 49.00,207.00,225.00,225.00,214.00,197.00,165.00,117.00, 98.00, 46.00,  5.00,  3.00, 18.00,143.00,210.00,208.00,193.00,210.00, 52.00,166.00, 59.00,  0.00,  0.00,  0.00,  0.00,156.00,195.00, 83.00,234.00,226.00,214.00,  1.00,  4.00, 41.00, 21.00,  0.00, 27.00,113.00,214.00,208.00,196.00,158.00, 64.00, 98.00, 92.00, 33.00, 20.00,  8.00, 60.00,174.00,207.00,197.00,120.00,100.00, 67.00,  0.00,  0.00,  0.00,  0.00, 19.00,  0.00, 50.00, 44.00,140.00, 52.00,132.00, 55.00,  0.00,  0.00,  0.00,  0.00,  0.00, 42.00, 49.00, 95.00,  0.00, 87.00, 37.00, 67.00, 52.00, 46.00, 31.00,  0.00, 23.00, 28.00,
44.000,  0.00,250.00,229.00,230.00,232.00,205.00,192.00, 91.00, 59.00, 34.00, 84.00, 49.00,207.00,225.00,225.00,214.00,197.00,165.00,117.00, 98.00, 46.00,  5.00,  3.00, 18.00,143.00,210.00,208.00,193.00,210.00, 52.00,166.00, 59.00,  0.00,  0.00,  0.00,  0.00,156.00,195.00, 83.00,234.00,226.00,214.00,  1.00,  4.00, 41.00, 21.00,  0.00, 27.00,113.00,214.00,208.00,196.00,158.00, 64.00, 98.00, 92.00, 33.00, 20.00,  8.00, 60.00,174.00,207.00,197.00,120.00,100.00, 67.00,  0.00,  0.00,  0.00,  0.00, 19.00,  0.00, 50.00, 44.00,140.00, 52.00,132.00, 55.00,  0.00,  0.00,  0.00,  0.00,  0.00, 44.00, 49.00, 95.00,  0.00, 87.00, 37.00, 67.00, 52.00, 46.00, 31.00,  0.00, 23.00, 28.00,
44.250,  0.00,250.00,229.00,230.00,232.00,205.00,192.00, 91.00, 59.00, 35.00, 86.00, 49.00,207.00,225.00,225.00,214.00,197.00,165.00,117.00, 98.00, 46.00,  5.00,  3.00, 19.00,143.00,210.00,208.00,193.00,210.00, 52.00,166.00, 59.00,  0.00,  0.00,  0.00,  0.00,156.00,195.00, 83.00,234.00,226.00,214.00,  1.00,  4.00, 41.00, 21.00,  0.00, 28.00,113.00,214.00,208.00,196.00,158.00, 64.00, 98.00, 92.00, 33.00, 20.00,  8.00, 60.00,174.00,207.00,197.00,120.00,100.00, 67.00,  0.00,  0.00,  0.00,  0.00, 19.00,  0.00, 50.00, 44.00,140.00, 52.00,132.00, 55.00,  0.00,  0.00,  0.00,  0.00,  0.00, 44.00, 49.00, 95.00,  0.00, 87.00, 37.00, 67.00, 52.00, 49.00, 31.00,  0.00, 25.00, 28.00,
44.500,  0.00,250.00,229.00,230.00,232.00,205.00,192.00, 91.00, 59.00, 38.00, 86.00, 49.00,207.00,225.00,225.00,214.00,197.00,165.00,117.00, 98.00, 46.00,  6.00,  3.00, 20.00,143.00,210.00,208.00,193.00,210.00, 52.00,166.00, 59.00,  0.00,  0.00,  0.00,  0.00,156.00,195.00, 83.00,234.00,226.00,214.00,  1.00,  4.00, 41.00, 21.00,  0.00, 28.00,113.00,214.00,208.00,196.00,158.00, 64.00, 98.00, 92.00, 33.00, 22.00,  8.00, 60.00,174.00,207.00,197.00,120.00,100.00, 67.00,  0.00,  0.00,  0.00,  0.00, 19.00,  0.00, 50.00, 44.00,140.00, 52.00,132.00, 55.00,  0.00,  0.00,  0.00,  0.00,  0.00, 44.00, 49.00, 95.00,  0.00, 87.00, 37.00, 67.00, 52.00, 49.00, 31.00,  0.00, 25.00, 28.00,
44.750,  0.00,250.00,229.00,230.00,232.00,205.00,192.00, 91.00, 59.00, 38.00, 86.00, 49.00,207.00,225.00,225.00,214.00,197.00,165.00,117.00, 98.00, 46.00,  6.00,  3.00, 20.00,143.00,210.00,208.00,193.00,210.00, 52.00,166.00, 59.00,  0.00,  0.00,  0.00,  0.00,156.00,195.00, 83.00,234.00,226.00,214.00,  1.00,  4.00, 41.00, 21.00,  0.00, 28.00,113.00,214.00,208.00,196.00,158.00, 64.00, 98.00, 92.00, 33.00, 22.00,  8.00, 60.00,174.00,207.00,197.00,120.00,100.00, 67.00,  0.00,  0.00,  0.00,  0.00, 19.00,  0.00, 50.00, 44.00,140.00, 52.00,132.00, 55.00,  0.00,  0.00,  0.00,  0.00,  0.00, 45.00, 49.00, 95.00,  0.00, 87.00, 37.00, 67.00, 52.00, 49.00, 31.00,  0.00, 25.00, 28.00,
45.000,  0.00,250.00,229.00,230.00,232.00,205.00,192.00, 91.00, 59.00, 38.00, 86.00, 49.00,207.00,225.00,225.00,214.00,197.00,165.00,117.00, 98.00, 46.00,  6.00,  3.00, 20.00,143.00,210.00,208.00,193.00,210.00, 52.00,166.00, 59.00,  0.00,  0.00,  0.00,  0.00,156.00,195.00, 83.00,234.00,226.00,214.00,  1.00,  4.00, 41.00, 21.00,  0.00, 28.00,113.00,214.00,208.00,196.00,158.00, 64.00, 98.00, 92.00, 33.00, 22.00,  8.00, 60.00,174.00,207.00,197.00,120.00,100.00, 67.00,  0.00,  0.00,  0.00,  0.00, 19.00,  0.00, 50.00, 44.00,140.00, 52.00,132.00, 55.00,  0.00,  0.00,  0.00,  0.00,  0.00, 45.00, 49.00, 95.00,  0.00, 87.00, 37.00, 67.00, 52.00, 49.00, 31.00,  0.00, 25.00, 28.00,
45.250,  0.00,250.00,229.00,230.00,232.00,205.00,192.00, 91.00, 59.00, 38.00, 86.00, 49.00,207.00,225.00,225.00,214.00,197.00,165.00,117.00, 98.00, 46.00,  6.00,  3.00, 20.00,143.00,210.00,208.00,193.00,210.00, 52.00,166.00, 59.00,  0.00,  0.00,  0.00,  0.00,156.00,195.00, 83.00,234.00,226.00,214.00,  1.00,  4.00, 41.00, 21.00,  0.00, 28.00,113.00,214.00,208.00,196.00,158.00, 64.00, 98.00, 92.00, 33.00, 22.00,  8.00, 60.00,174.00,207.00,197.00,120.00,100.00, 67.00,  0.00,  0.00,  0.00,  0.00, 19.00,  0.00, 50.00, 44.00,140.00, 52.00,132.00, 55.00,  0.00,  0.00,  0.00,  0.00,  0.00, 45.00, 49.00, 95.00,  0.00, 87.00, 37.00, 67.00, 52.00, 50.00, 31.00,  0.00, 25.00, 28.00,
45.500,  0.00,250.00,229.00,230.00,232.00,205.00,192.00, 91.00, 59.00, 38.00, 86.00, 49.00,207.00,225.00,225.00,214.00,197.00,165.00,117.00, 98.00, 46.00,  6.00,  3.00, 20.00,143.00,210.00,208.00,193.00,210.00, 52.00,166.00, 59.00,  0.00,  0.00,  0.00,  0.00,156.00,195.00, 83.00,234.00,226.00,214.00,  1.00,  4.00, 41.00, 21.00,  0.00, 28.00,113.00,214.00,208.00,196.00,158.00, 64.00, 98.00, 92.00, 33.00, 22.00,  8.00, 60.00,174.00,207.00,197.00,120.00,100.00, 67.00,  0.00,  0.00,  0.00,  0.00, 19.00,  0.00, 50.00, 44.00,140.00, 52.00,132.00, 55.00,  0.00,  0.00,  0.00,  0.00,  0.00, 45.00, 49.00, 95.00,  0.00, 87.00, 37.00, 67.00, 52.00, 50.00, 31.00,  0.00, 25.00, 28.00,
45.750,  0.00,250.00,229.00,230.00,232.00,205.00,192.00, 91.00, 59.00, 38.00, 86.00, 49.00,207.00,225.00,225.00,214.00,197.00,165.00,117.00, 98.00, 46.00,  6.00,  3.00, 20.00,143.00,210.00,208.00,193.00,210.00, 52.00,166.00, 59.00,  0.00,  0.00,  0.00,  0.00,156.00,195.00, 83.00,234.00,226.00,214.00,  1.00,  4.00, 41.00, 21.00,  0.00, 28.00,113.00,214.00,208.00,196.00,158.00, 64.00, 98.00, 92.00, 33.00, 22.00,  8.00, 60.00,174.00,207.00,197.00,120.00,100.00, 67.00,  0.00,  0.00,  0.00,  0.00, 19.00,  0.00, 50.00, 44.00,140.00, 52.00,132.00, 55.00,  0.00,  0.00,  0.00,  0.00,  0.00, 45.00, 49.00, 95.00,  0.00, 87.00, 37.00, 67.00, 52.00, 50.00, 31.00,  0.00, 25.00, 28.00,
46.000,  0.00,250.00,229.00,230.00,232.00,205.00,192.00, 91.00, 59.00, 38.00, 86.00, 49.00,207.00,225.00,225.00,214.00,197.00,165.00,117.00, 98.00, 46.00,  6.00,  3.00, 20.00,143.00,210.00,208.00,193.00,210.00, 52.00,166.00, 59.00,  0.00,  0.00,  0.00,  0.00,156.00,195.00, 83.00,234.00,226.00,214.00,  1.00,  4.00, 41.00, 21.00,  0.00, 28.00,113.00,214.00,208.00,196.00,158.00, 64.00, 98.00, 92.00, 33.00, 22.00,  8.00, 60.00,174.00,207.00,197.00,120.00,100.00, 67.00,  0.00,  0.00,  0.00,  0.00, 19.00,  0.00, 50.00, 44.00,140.00, 52.00,132.00, 55.00,  0.00,  0.00,  0.00,  0.00,  0.00, 45.00, 49.00, 95.00,  0.00, 87.00, 37.00, 67.00, 52.00, 50.00, 31.00,  0.00, 25.00, 28.00,
46.250,  0.00,250.00,229.00,230.00,232.00,205.00,192.00, 91.00, 59.00, 38.00, 86.00, 49.00,207.00,225.00,225.00,214.00,197.00,165.00,117.00, 98.00, 46.00,  6.00,  3.00, 20.00,143.00,210.00,208.00,193.00,210.00, 52.00,166.00, 59.00,  0.00,  0.00,  0.00,  0.00,156.00,195.00, 83.00,234.00,226.00,214.00,  1.00,  4.00, 41.00, 21.00,  0.00, 28.00,113.00,214.00,208.00,196.00,158.00, 64.00, 98.00, 92.00, 33.00, 22.00,  8.00, 60.00,174.00,207.00,197.00,120.00,100.00, 67.00,  0.00,  0.00,  0.00,  0.00, 19.00,  0.00, 50.00, 44.00,140.00, 52.00,132.00, 55.00,  0.00,  0.00,  0.00,  0.00,  0.00, 45.00, 49.00, 95.00,  0.00, 87.00, 37.00, 67.00, 52.00, 50.00, 31.00,  0.00, 25.00, 28.00,
46.500,  0.00,250.00,229.00,230.00,232.00,205.00,192.00, 91.00, 59.00, 38.00, 86.00, 49.00,207.00,225.00,225.00,214.00,197.00,165.00,117.00, 98.00, 46.00,  6.00,  3.00, 20.00,143.00,210.00,208.00,193.00,210.00, 52.00,166.00, 59.00,  0.00,  0.00,  0.00,  0.00,156.00,195.00, 83.00,234.00,226.00,214.00,  1.00,  4.00, 41.00, 21.00,  0.00, 28.00,113.00,214.00,208.00,196.00,158.00, 64.00, 98.00, 92.00, 33.00, 22.00,  8.00, 60.00,174.00,207.00,197.00,120.00,100.00, 67.00,  0.00,  0.00,  0.00,  0.00, 19.00,  0.00, 50.00, 44.00,140.00, 52.00,132.00, 55.00,  0.00,  0.00,  0.00,  0.00,  0.00, 45.00, 49.00, 95.00,  0.00, 87.00, 37.00, 67.00, 52.00, 50.00, 31.00,  0.00, 25.00, 28.00,
46.750,  0.00,250.00,229.00,230.00,232.00,205.00,192.00, 91.00, 59.00, 39.00, 86.00, 52.00,207.00,225.00,225.00,214.00,197.00,165.00,117.00, 98.00, 46.00,  9.00,  6.00, 20.00,143.00,210.00,208.00,193.00,210.00, 52.00,166.00, 59.00,  0.00,  0.00,  0.00,  0.00,156.00,195.00, 83.00,234.00,226.00,214.00,  1.00,  4.00, 41.00, 21.00,  0.00, 28.00,113.00,214.00,208.00,196.00,158.00, 66.00, 98.00, 92.00, 33.00, 25.00,  8.00, 63.00,174.00,207.00,197.00,120.00,100.00, 67.00,  0.00,  0.00,  0.00,  0.00, 19.00,  0.00, 50.00, 44.00,140.00, 52.00,132.00, 55.00,  0.00,  0.00,  0.00,  0.00,  0.00, 45.00, 49.00, 95.00,  0.00, 87.00, 37.00, 67.00, 52.00, 53.00, 31.00,  0.00, 25.00, 28.00,
47.000,  0.00,250.00,229.00,230.00,232.00,205.00,192.00, 91.00, 59.00, 39.00, 86.00, 52.00,207.00,225.00,225.00,214.00,197.00,165.00,117.00, 98.00, 46.00,  9.00,  6.00, 20.00,143.00,210.00,208.00,193.00,210.00, 52.00,166.00, 59.00,  0.00,  0.00,  0.00,  0.00,156.00,195.00, 83.00,234.00,226.00,214.00,  1.00,  4.00, 41.00, 21.00,  0.00, 28.00,113.00,214.00,208.00,196.00,158.00, 66.00, 98.00, 92.00, 33.00, 25.00,  8.00, 63.00,174.00,207.00,197.00,120.00,100.00, 67.00,  0.00,  0.00,  0.00,  0.00, 19.00,  0.00, 50.00, 44.00,140.00, 52.00,132.00, 55.00,  0.00,  0.00,  0.00,  0.00,  0.00, 45.00, 49.00, 95.00,  0.00, 87.00, 37.00, 67.00, 52.00, 53.00, 31.00,  0.00, 25.00, 28.00,
47.250,  0.00,250.00,229.00,230.00,232.00,205.00,192.00, 91.00, 59.00, 39.00, 86.00, 52.00,207.00,225.00,225.00,214.00,197.00,165.00,117.00, 98.00, 46.00,  9.00,  6.00, 20.00,143.00,210.00,208.00,193.00,210.00, 52.00,166.00, 59.00,  0.00,  0.00,  0.00,  0.00,156.00,195.00, 83.00,234.00,226.00,214.00,  1.00,  4.00, 41.00, 21.00,  0.00, 28.00,113.00,214.00,208.00,196.00,158.00, 66.00, 98.00, 92.00, 33.00, 25.00,  8.00, 63.00,174.00,207.00,197.00,120.00,100.00, 67.00,  0.00,  0.00,  0.00,  0.00, 19.00,  0.00, 50.00, 44.00,140.00, 52.00,132.00, 55.00,  0.00,  0.00,  0.00,  0.00,  0.00, 45.00, 49.00, 95.00,  0.00, 87.00, 37.00, 67.00, 52.00, 53.00, 31.00,  0.00, 25.00, 28.00,
47.500,  0.00,250.00,229.00,230.00,232.00,205.00,192.00, 91.00, 60.00, 40.00, 88.00, 52.00,207.00,225.00,225.00,214.00,197.00,165.00,117.00, 98.00, 46.00,  9.00,  7.00, 24.00,143.00,210.00,208.00,193.00,210.00, 52.00,166.00, 59.00,  0.00,  0.00,  0.00,  0.00,156.00,195.00, 83.00,234.00,226.00,214.00,  1.00,  4.00, 41.00, 23.00,  0.00, 31.00,113.00,214.00,208.00,196.00,158.00, 66.00, 98.00, 92.00, 33.00, 26.00,  8.00, 63.00,174.00,207.00,197.00,120.00,100.00, 67.00,  0.00,  0.00,  0.00,  0.00, 19.00,  0.00, 53.00, 44.00,140.00, 52.00,132.00, 55.00,  0.00,  0.00,  0.00,  0.00,  0.00, 45.00, 49.00, 95.00,  0.00, 87.00, 37.00, 67.00, 52.00, 55.00, 33.00,  0.00, 29.00, 31.00,
47.750,  0.00,250.00,229.00,230.00,232.00,205.00,192.00, 91.00, 60.00, 40.00, 88.00, 52.00,207.00,225.00,225.00,214.00,197.00,165.00,117.00, 98.00, 46.00,  9.00,  7.00, 24.00,143.00,210.00,208.00,193.00,210.00, 52.00,166.00, 59.00,  0.00,  0.00,  0.00,  0.00,156.00,195.00, 83.00,234.00,226.00,214.00,  1.00,  4.00, 41.00, 23.00,  0.00, 31.00,113.00,214.00,208.00,196.00,158.00, 66.00, 98.00, 92.00, 33.00, 26.00,  8.00, 63.00,174.00,207.00,197.00,120.00,100.00, 67.00,  0.00,  0.00,  0.00,  0.00, 19.00,  0.00, 53.00, 44.00,140.00, 52.00,132.00, 55.00,  0.00,  0.00,  0.00,  0.00,  0.00, 46.00, 49.00, 95.00,  0.00, 87.00, 37.00, 67.00, 52.00, 55.00, 33.00,  0.00, 29.00, 31.00,


